# Entity  GRACT  SMACT  SMOCC  TENSO  DRAMA  FP64A  FP32A  FP16A                 PCITX                 PCIRX       GPUTL       MCUTL       MUSAM       GUSAM       POWER             TOTEC  SACLK
      Id                                                                                                                                                               W                mJ       
     GPU 0  0.000  0.000  0.000  0.000  0.000  0.000  0.000  0.000             128928283              12892828           0           0       0.000       0.000      25.217      307257328261   1230
     GPU 0  0.000  0.000  0.000  0.000  0.000  0.000  0.000  0.000               1228436                530615           0           0       0.000       0.000      25.418      307257328261   1230
     GPU 0  0.000  0.000  0.000  0.000  0.000  0.000  0.000  0.000               2077551                888547           0           0       0.000       0.000      25.411      307257329664   1230
     GPU 0  0.000  0.000  0.000  0.000  0.000  0.000  0.000  0.000               1143116                414158           0           0       0.000       0.000      25.314      307257330800   1230
     GPU 0  0.000  0.000  0.000  0.000  0.000  0.000  0.000  0.000               1687341                691430           0           0       0.000       0.000      25.508      307257332276   1230
     GPU 0  0.000  0.000  0.000  0.000  0.000  0.000  0.000  0.000               1271221                566008           0           0       0.000       0.000      25.509      307257333337   1230
     GPU 0  0.000  0.000  0.000  0.000  0.000  0.000  0.000  0.000               1537197                738166           0           0       0.000       0.000      25.515      307257334893   1230
     GPU 0  0.000  0.000  0.000  0.000  0.000  0.000  0.000  0.000               1150662                456592           0           0       0.000       0.000      25.418      307257336255   1230
     GPU 0  0.000  0.000  0.000  0.000  0.000  0.000  0.000  0.000               2207192               1006073           0           0       0.000       0.000      25.320      307257337586   1230
     GPU 0  0.000  0.000  0.000  0.000  0.000  0.000  0.000  0.000               2128159                975505           0           0       0.000       0.000      25.320      307257338913   1230
     GPU 0  0.000  0.000  0.000  0.000  0.000  0.000  0.000  0.000               2600646               1158184           0           0       0.000       0.000      25.411      307257340318   1230
     GPU 0  0.000  0.000  0.000  0.000  0.000  0.000  0.000  0.000               4113058               2532784           0           0       0.000       0.000      25.423      307257341650   1230
     GPU 0  0.000  0.000  0.000  0.000  0.000  0.000  0.000  0.000               5266285               3169354           0           0       0.000       0.000      25.422      307257342981   1230
     GPU 0  0.000  0.000  0.000  0.000  0.000  0.000  0.000  0.000               5411032               3410032           0           0       0.000       0.000      25.418      307257344387   1230
     GPU 0  0.000  0.000  0.000  0.000  0.000  0.000  0.000  0.000               5624787               3367703           0           0       0.000       0.000      25.314      307257345719   1230

# Entity  GRACT  SMACT  SMOCC  TENSO  DRAMA  FP64A  FP32A  FP16A                 PCITX                 PCIRX       GPUTL       MCUTL       MUSAM       GUSAM       POWER             TOTEC  SACLK
      Id                                                                                                                                                               W                mJ       
     GPU 0  0.000  0.000  0.000  0.000  0.000  0.000  0.000  0.000               4379626               2503174           0           0       0.000       0.000      25.314      307257347045   1230
     GPU 0  0.000  0.000  0.000  0.000  0.000  0.000  0.000  0.000               8079644               4124711           0           0       0.000       0.000      25.418      307257348444   1230
     GPU 0  0.000  0.000  0.000  0.000  0.000  0.000  0.000  0.000               5412224               3603067           0           0       0.000       0.000      25.418      307257349779   1230
     GPU 0  0.000  0.000  0.000  0.000  0.000  0.000  0.000  0.000               5174179               3445032           0           0       0.000       0.000      25.321      307257351109   1230
     GPU 0  0.000  0.000  0.000  0.000  0.000  0.000  0.000  0.000               6086217               3150762           0           0       0.000       0.000      25.411      307257352512   1230
     GPU 0  0.000  0.000  0.000  0.000  0.000  0.000  0.000  0.000               6086217               3150762           0           0       0.000       0.000      25.411      307257353842   1230
     GPU 0  0.000  0.000  0.000  0.000  0.000  0.000  0.000  0.000               3705284               2045198           0           0       0.000       0.000      25.320      307257355169   1230
     GPU 0  0.000  0.000  0.000  0.000  0.000  0.000  0.000  0.000               4821835               3304123           0           0       0.000       0.000      25.320      307257355169   1230
     GPU 0  0.000  0.000  0.000  0.000  0.000  0.000  0.000  0.000               7212621               3779409           0           0       0.000       0.000      25.411      307257356566   1230
     GPU 0  0.000  0.000  0.000  0.000  0.000  0.000  0.000  0.000               3606061               2025601           0           0       0.000       0.000      25.320      307257357892   1230
     GPU 0  0.000  0.000  0.000  0.000  0.000  0.000  0.000  0.000               1081350                605412           0           0       0.000       0.000      25.314      307257359262   1230
     GPU 0  0.000  0.000  0.000  0.000  0.000  0.000  0.000  0.000               4410525               2725511           0           0       0.000       0.000      25.314      307257360658   1230
     GPU 0  0.000  0.000  0.000  0.000  0.000  0.000  0.000  0.000               4372092               2566439           0           0       0.000       0.000      25.320      307257361791   1230
     GPU 0  0.000  0.000  0.000  0.000  0.000  0.000  0.000  0.000               4265555               2590903           0           0       0.000       0.000      25.315      307257363262   1230

# Entity  GRACT  SMACT  SMOCC  TENSO  DRAMA  FP64A  FP32A  FP16A                 PCITX                 PCIRX       GPUTL       MCUTL       MUSAM       GUSAM       POWER             TOTEC  SACLK
      Id                                                                                                                                                               W                mJ       
     GPU 0  0.000  0.000  0.000  0.000  0.000  0.000  0.000  0.000               4766341               2971534           0           0       0.000       0.000      25.411      307257364320   1230
     GPU 0  0.000  0.000  0.000  0.000  0.000  0.000  0.000  0.000               4472851               2834224           0           0       0.000       0.000      25.411      307257365868   1230
     GPU 0  0.000  0.000  0.000  0.000  0.000  0.000  0.000  0.000               5241952               3121741           0           0       0.000       0.000      25.412      307257367205   1230
     GPU 0  0.000  0.000  0.000  0.000  0.000  0.000  0.000  0.000               2879221               1464418           0           0       0.000       0.000      25.325      307257368531   1230
     GPU 0  0.000  0.000  0.000  0.000  0.000  0.000  0.000  0.000               2944501               1637319           0           0       0.000       0.000      25.418      307257369859   1230
     GPU 0  0.000  0.000  0.000  0.000  0.000  0.000  0.000  0.000               3357983               1825033           0           0       0.000       0.000      25.314      307257371255   1230
     GPU 0  0.000  0.000  0.000  0.000  0.000  0.000  0.000  0.000               5860779               3500309           0           0       0.000       0.000      25.217      307257372580   1230
     GPU 0  0.000  0.000  0.000  0.000  0.000  0.000  0.000  0.000               5342715               3322097           0           0       0.000       0.000      25.315      307257373904   1230
     GPU 0  0.000  0.000  0.000  0.000  0.000  0.000  0.000  0.000               2908936               1699025           0           0       0.000       0.000      25.411      307257375303   1230
     GPU 0  0.000  0.000  0.000  0.000  0.000  0.000  0.000  0.000               3070919               2103103           0           0       0.000       0.000      25.321      307257376631   1230
     GPU 0  0.000  0.000  0.000  0.000  0.000  0.000  0.000  0.000               6304044               3868848           0           0       0.000       0.000      25.321      307257377955   1230
     GPU 0  0.000  0.000  0.000  0.000  0.000  0.000  0.000  0.000               1860858               1219214           0           0       0.000       0.000      25.314      307257379356   1230
     GPU 0  0.000  0.000  0.000  0.000  0.000  0.000  0.000  0.000               4274403               2650593           0           0       0.000       0.000      25.314      307257380682   1230
     GPU 0  0.000  0.000  0.000  0.000  0.000  0.000  0.000  0.000               1810273               1018837           0           0       0.000       0.000      25.320      307257380682   1230

# Entity  GRACT  SMACT  SMOCC  TENSO  DRAMA  FP64A  FP32A  FP16A                 PCITX                 PCIRX       GPUTL       MCUTL       MUSAM       GUSAM       POWER             TOTEC  SACLK
      Id                                                                                                                                                               W                mJ       
     GPU 0  0.000  0.000  0.000  0.000  0.000  0.000  0.000  0.000               5025298               3443194           0           0       0.000       0.000      25.314      307257382005   1230
     GPU 0  0.000  0.000  0.000  0.000  0.000  0.000  0.000  0.000               9092314               4801929           0           0       0.000       0.000      25.411      307257383409   1230
     GPU 0  0.000  0.000  0.000  0.000  0.000  0.000  0.000  0.000               5690910               3809049           0           0       0.000       0.000      25.325      307257384734   1230
     GPU 0  0.000  0.000  0.000  0.000  0.000  0.000  0.000  0.000               5048943               3489673           0           0       0.000       0.000      25.314      307257386075   1230
     GPU 0  0.000  0.000  0.000  0.000  0.000  0.000  0.000  0.000               7552637               4029423           0           0       0.000       0.000      25.418      307257387452   1230
     GPU 0  0.000  0.000  0.000  0.000  0.000  0.000  0.000  0.000               3700992               2200883           0           0       0.000       0.000      25.321      307257388780   1230
     GPU 0  0.000  0.000  0.000  0.000  0.000  0.000  0.000  0.000               3796006               2188032           0           0       0.000       0.000      25.411      307257390129   1230
     GPU 0  0.000  0.000  0.000  0.000  0.000  0.000  0.000  0.000               4157631               2456719           0           0       0.000       0.000      25.314      307257391524   1230
     GPU 0  0.000  0.000  0.000  0.000  0.000  0.000  0.000  0.000               4782180               2976889           0           0       0.000       0.000      24.638      307257392638   1230
     GPU 0  0.000  0.000  0.000  0.000  0.000  0.000  0.000  0.000               4303363               2631870           0           0       0.000       0.000      24.541      307257394087   1230
     GPU 0  0.000  0.000  0.000  0.000  0.000  0.000  0.000  0.000               2847244               1928710           0           0       0.000       0.000      24.444      307257395091   1230
     GPU 0  0.000  0.000  0.000  0.000  0.000  0.000  0.000  0.000               6706435               3698543           0           0       0.000       0.000      24.545      307257396620   1230
     GPU 0  0.000  0.000  0.000  0.000  0.000  0.000  0.000  0.000               2494666               1370169           0           0       0.000       0.000      24.541      307257398006   1230
     GPU 0  0.000  0.000  0.000  0.000  0.000  0.000  0.000  0.000                882378                280578           0           0       0.000       0.000      24.541      307257399291   1230

# Entity  GRACT  SMACT  SMOCC  TENSO  DRAMA  FP64A  FP32A  FP16A                 PCITX                 PCIRX       GPUTL       MCUTL       MUSAM       GUSAM       POWER             TOTEC  SACLK
      Id                                                                                                                                                               W                mJ       
     GPU 0  0.000  0.000  0.000  0.000  0.000  0.000  0.000  0.000               2966064               1617583           0           0       0.000       0.000      24.444      307257400576   1230
     GPU 0  0.000  0.000  0.000  0.000  0.000  0.000  0.000  0.000               2880597               1468555           0           0       0.000       0.000      24.443      307257401933   1230
     GPU 0  0.000  0.000  0.000  0.000  0.000  0.000  0.000  0.000               2407829               1142443           0           0       0.000       0.000      24.541      307257403217   1230
     GPU 0  0.000  0.000  0.000  0.000  0.000  0.000  0.000  0.000               2105484               1056527           0           0       0.000       0.000      24.443      307257404501   1230
     GPU 0  0.000  0.000  0.000  0.000  0.000  0.000  0.000  0.000               1809126                727210           0           0       0.000       0.000      24.545      307257404501   1230
     GPU 0  0.000  0.000  0.000  0.000  0.000  0.000  0.000  0.000               2055416               1040615           0           0       0.000       0.000      24.545      307257405852   1230
     GPU 0  0.000  0.000  0.000  0.000  0.000  0.000  0.000  0.000               2793416               1360740           0           0       0.000       0.000      24.534      307257407138   1230
     GPU 0  0.000  0.000  0.000  0.000  0.000  0.000  0.000  0.000                860177                350267           0           0       0.000       0.000      24.443      307257408446   1230
     GPU 0  0.000  0.000  0.000  0.000  0.000  0.000  0.000  0.000                959366                264139           0           0       0.000       0.000      24.443      307257409784   1230
     GPU 0  0.000  0.000  0.000  0.000  0.000  0.000  0.000  0.000               2110516               1147522           0           0       0.000       0.000      24.541      307257411070   1230
     GPU 0  0.000  0.000  0.000  0.000  0.000  0.000  0.000  0.000               9891817              18530751           0           0       0.000       0.000      24.545      307257412355   1230
     GPU 0  0.000  0.000  0.000  0.000  0.000  0.000  0.000  0.000               4936136               5563621           0           0       0.000       0.000      24.642      307257413701   1230
     GPU 0  0.000  0.000  0.000  0.000  0.000  0.000  0.000  0.000               2634780               1316354           0           0       0.000       0.000      24.447      307257414986   1230
     GPU 0  0.000  0.000  0.000  0.000  0.000  0.000  0.000  0.000               4178680               2169822           0           0       0.000       0.000      24.541      307257416305   1230

# Entity  GRACT  SMACT  SMOCC  TENSO  DRAMA  FP64A  FP32A  FP16A                 PCITX                 PCIRX       GPUTL       MCUTL       MUSAM       GUSAM       POWER             TOTEC  SACLK
      Id                                                                                                                                                               W                mJ       
     GPU 0  0.000  0.000  0.000  0.000  0.000  0.000  0.000  0.000                896933                210843           0           0       0.000       0.000      24.643      307257417647   1230
     GPU 0  0.000  0.000  0.000  0.000  0.000  0.000  0.000  0.000              11755900               6342274           0           0       0.000       0.000      24.545      307257418934   1230
     GPU 0  0.000  0.000  0.000  0.000  0.000  0.000  0.000  0.000               5086511               3353865           0           0       0.000       0.000      24.545      307257420219   1230
     GPU 0  0.000  0.000  0.000  0.000  0.000  0.000  0.000  0.000               8776243               4630481           0           0       0.000       0.000      24.545      307257421574   1230
     GPU 0  0.000  0.000  0.000  0.000  0.000  0.000  0.000  0.000                690540                133328           0           0       0.000       0.000      24.545      307257422857   1230
     GPU 0  0.000  0.000  0.000  0.000  0.000  0.000  0.000  0.000               2515506               1036477           0           0       0.000       0.000      24.447      307257424141   1230
     GPU 0  0.000  0.000  0.000  0.000  0.000  0.000  0.000  0.000               1171523                455793           0           0       0.000       0.000      24.545      307257425494   1230
     GPU 0  0.000  0.000  0.000  0.000  0.000  0.000  0.000  0.000               2290432                984516           0           0       0.000       0.000      24.545      307257426778   1230
     GPU 0  0.000  0.000  0.000  0.000  0.000  0.000  0.000  0.000               1398637                580812           0           0       0.000       0.000      24.545      307257428062   1230
     GPU 0  0.000  0.000  0.000  0.000  0.000  0.000  0.000  0.000               1541138                637591           0           0       0.000       0.000      24.545      307257428062   1230
     GPU 0  0.000  0.000  0.000  0.000  0.000  0.000  0.000  0.000               1491828                612912           0           0       0.000       0.000      24.447      307257429426   1230
     GPU 0  0.000  0.000  0.000  0.000  0.000  0.000  0.000  0.000               4586550               2198257           0           0       0.000       0.000      24.447      307257430887   1230
     GPU 0  0.000  0.000  0.000  0.000  0.000  0.000  0.000  0.000               1718253                802113           0           0       0.000       0.000      24.545      307257431878   1230
     GPU 0  0.000  0.000  0.000  0.000  0.000  0.000  0.000  0.000               4055762               2081739           0           0       0.000       0.000      24.545      307257433413   1230

# Entity  GRACT  SMACT  SMOCC  TENSO  DRAMA  FP64A  FP32A  FP16A                 PCITX                 PCIRX       GPUTL       MCUTL       MUSAM       GUSAM       POWER             TOTEC  SACLK
      Id                                                                                                                                                               W                mJ       
     GPU 0  0.000  0.000  0.000  0.000  0.000  0.000  0.000  0.000               7750330               3931644           0           0       0.000       0.000      24.545      307257434819   1230
     GPU 0  0.000  0.000  0.000  0.000  0.000  0.000  0.000  0.000               1458512                561218           0           0       0.000       0.000      24.545      307257436105   1230
     GPU 0  0.000  0.000  0.000  0.000  0.000  0.000  0.000  0.000               5357328               2971846           0           0       0.000       0.000      24.447      307257437389   1230
     GPU 0  0.000  0.000  0.000  0.000  0.000  0.000  0.000  0.000               9997122               5197788           0           0       0.000       0.000      24.545      307257438745   1230
     GPU 0  0.000  0.000  0.000  0.000  0.000  0.000  0.000  0.000               4564601               2504762           0           0       0.000       0.000      24.545      307257440031   1230
     GPU 0  0.000  0.000  0.000  0.000  0.000  0.000  0.000  0.000               1470663                564244           0           0       0.000       0.000      24.545      307257441323   1230
     GPU 0  0.000  0.000  0.000  0.000  0.000  0.000  0.000  0.000               2183840               1006820           0           0       0.000       0.000      24.540      307257442673   1230
     GPU 0  0.000  0.000  0.000  0.000  0.000  0.000  0.000  0.000               1912061                791308           0           0       0.000       0.000      24.545      307257443960   1230
     GPU 0  0.000  0.000  0.000  0.000  0.000  0.000  0.000  0.000               2394249               1113728           0           0       0.000       0.000      24.545      307257445246   1230
     GPU 0  0.000  0.000  0.000  0.000  0.000  0.000  0.000  0.000               1032931                377858           0           0       0.000       0.000      24.545      307257446597   1230
     GPU 0  0.000  0.000  0.000  0.000  0.000  0.000  0.000  0.000               2827571               1323261           0           0       0.000       0.000      24.545      307257447888   1230
     GPU 0  0.000  0.000  0.000  0.000  0.000  0.000  0.000  0.000               1068522                352796           0           0       0.000       0.000      24.545      307257449171   1230
     GPU 0  0.000  0.000  0.000  0.000  0.000  0.000  0.000  0.000               1525386                663397           0           0       0.000       0.000      24.545      307257449171   1230
     GPU 0  0.000  0.000  0.000  0.000  0.000  0.000  0.000  0.000               1515095                686331           0           0       0.000       0.000      24.541      307257450521   1230

# Entity  GRACT  SMACT  SMOCC  TENSO  DRAMA  FP64A  FP32A  FP16A                 PCITX                 PCIRX       GPUTL       MCUTL       MUSAM       GUSAM       POWER             TOTEC  SACLK
      Id                                                                                                                                                               W                mJ       
     GPU 0  0.000  0.000  0.000  0.000  0.000  0.000  0.000  0.000               4692633               2291651           0           0       0.000       0.000      24.545      307257451990   1230
     GPU 0  0.000  0.000  0.000  0.000  0.000  0.000  0.000  0.000               1637699                791446           0           0       0.000       0.000      24.447      307257452973   1230
     GPU 0  0.000  0.000  0.000  0.000  0.000  0.000  0.000  0.000               3022866               1553493           0           0       0.000       0.000      24.447      307257454508   1230
     GPU 0  0.000  0.000  0.000  0.000  0.000  0.000  0.000  0.000               7500342               3815940           0           0       0.000       0.000      24.545      307257455916   1230
     GPU 0  0.000  0.000  0.000  0.000  0.000  0.000  0.000  0.000               1339161                484893           0           0       0.000       0.000      24.545      307257457202   1230
     GPU 0  0.000  0.000  0.000  0.000  0.000  0.000  0.000  0.000               5227278               2908907           0           0       0.000       0.000      24.545      307257458485   1230
     GPU 0  0.000  0.000  0.000  0.000  0.000  0.000  0.000  0.000               9023368               4681266           0           0       0.000       0.000      24.545      307257459838   1230
     GPU 0  0.000  0.000  0.000  0.000  0.000  0.000  0.000  0.000               1393181                542539           0           0       0.000       0.000      24.545      307257461124   1230
     GPU 0  0.000  0.000  0.000  0.000  0.000  0.000  0.000  0.000               1498827                592785           0           0       0.000       0.000      24.545      307257462410   1230
     GPU 0  0.000  0.000  0.000  0.000  0.000  0.000  0.000  0.000               1837894                805379           0           0       0.000       0.000      24.545      307257463789   1230
     GPU 0  0.000  0.000  0.000  0.000  0.000  0.000  0.000  0.000               2202543               1003065           0           0       0.000       0.000      24.545      307257465076   1230
     GPU 0  0.000  0.000  0.000  0.000  0.000  0.000  0.000  0.000               2375411               1056359           0           0       0.000       0.000      24.545      307257466365   1230
     GPU 0  0.000  0.000  0.000  0.000  0.000  0.000  0.000  0.000               1611947                710110           0           0       0.000       0.000      24.545      307257467700   1230
     GPU 0  0.000  0.000  0.000  0.000  0.000  0.000  0.000  0.000               1662328                701314           0           0       0.000       0.000      24.545      307257468994   1230

# Entity  GRACT  SMACT  SMOCC  TENSO  DRAMA  FP64A  FP32A  FP16A                 PCITX                 PCIRX       GPUTL       MCUTL       MUSAM       GUSAM       POWER             TOTEC  SACLK
      Id                                                                                                                                                               W                mJ       
     GPU 0  0.000  0.000  0.000  0.000  0.000  0.000  0.000  0.000               1869644                808040           0           0       0.000       0.000      24.448      307257470288   1230
     GPU 0  0.000  0.000  0.000  0.000  0.000  0.000  0.000  0.000               2009036               1084848           0           0       0.000       0.000      24.545      307257470288   1230
     GPU 0  0.000  0.000  0.000  0.000  0.000  0.000  0.000  0.000               3021972               1417209           0           0       0.000       0.000      24.545      307257471629   1230
     GPU 0  0.000  0.000  0.000  0.000  0.000  0.000  0.000  0.000               1735607                727885           0           0       0.000       0.000      24.541      307257472917   1230
     GPU 0  0.000  0.000  0.000  0.000  0.000  0.000  0.000  0.000               1907634               1004871           0           0       0.000       0.000      24.447      307257474202   1230
     GPU 0  0.000  0.000  0.000  0.000  0.000  0.000  0.000  0.000               2779117               1227160           0           0       0.000       0.000      24.448      307257475563   1230
     GPU 0  0.000  0.000  0.000  0.000  0.000  0.000  0.000  0.000               2266353               1186248           0           0       0.000       0.000      24.545      307257476849   1230
     GPU 0  0.000  0.000  0.000  0.000  0.000  0.000  0.000  0.000               3243103               1948214           0           0       0.000       0.000      24.448      307257478131   1230
     GPU 0  0.000  0.000  0.000  0.000  0.000  0.000  0.000  0.000               4800134               2436122           0           0       0.000       0.000      24.541      307257479486   1230
     GPU 0  0.000  0.000  0.000  0.000  0.000  0.000  0.000  0.000               3306489               1361407           0           0       0.000       0.000      24.443      307257480774   1230
     GPU 0  0.000  0.000  0.000  0.000  0.000  0.000  0.000  0.000               2133782               1098736           0           0       0.000       0.000      24.540      307257482059   1230
     GPU 0  0.000  0.000  0.000  0.000  0.000  0.000  0.000  0.000               7550991               4631500           0           0       0.000       0.000      24.545      307257483413   1230
     GPU 0  0.000  0.000  0.000  0.000  0.000  0.000  0.000  0.000               5265067               3561595           0           0       0.000       0.000      24.541      307257484610   1230
     GPU 0  0.000  0.000  0.000  0.000  0.000  0.000  0.000  0.000               6830462               3868168           0           0       0.000       0.000      24.448      307257485853   1230

# Entity  GRACT  SMACT  SMOCC  TENSO  DRAMA  FP64A  FP32A  FP16A                 PCITX                 PCIRX       GPUTL       MCUTL       MUSAM       GUSAM       POWER             TOTEC  SACLK
      Id                                                                                                                                                               W                mJ       
     GPU 0  0.000  0.000  0.000  0.000  0.000  0.000  0.000  0.000               4705758               2891389           0           0       0.000       0.000      24.448      307257487311   1230
     GPU 0  0.000  0.000  0.000  0.000  0.000  0.000  0.000  0.000               9049024               4958033           0           0       0.000       0.000      24.448      307257488320   1230
     GPU 0  0.000  0.000  0.000  0.000  0.000  0.000  0.000  0.000               2786273               1475824           0           0       0.000       0.000      24.545      307257489851   1230
     GPU 0  0.000  0.000  0.000  0.000  0.000  0.000  0.000  0.000               4160618               2186615           0           0       0.000       0.000      24.541      307257491250   1230
     GPU 0  0.000  0.000  0.000  0.000  0.000  0.000  0.000  0.000               4087778               2200140           0           0       0.000       0.000      24.540      307257492539   1230
     GPU 0  0.000  0.000  0.000  0.000  0.000  0.000  0.000  0.000               4742110               2500925           0           0       0.000       0.000      24.448      307257493818   1230
     GPU 0  0.000  0.000  0.000  0.000  0.000  0.000  0.000  0.000               3230267               1749518           0           0       0.000       0.000      24.541      307257493818   1230
     GPU 0  0.000  0.000  0.000  0.000  0.000  0.000  0.000  0.000               5314229               2865396           0           0       0.000       0.000      24.545      307257495177   1230
     GPU 0  0.000  0.000  0.000  0.000  0.000  0.000  0.000  0.000               2887671               1603033           0           0       0.000       0.000      24.545      307257496477   1230
     GPU 0  0.000  0.000  0.000  0.000  0.000  0.000  0.000  0.000               5929791               3250816           0           0       0.000       0.000      24.541      307257497758   1230
     GPU 0  0.000  0.000  0.000  0.000  0.000  0.000  0.000  0.000               3342409               1873719           0           0       0.000       0.000      24.448      307257499107   1230
     GPU 0  0.000  0.000  0.000  0.000  0.000  0.000  0.000  0.000               6850201               3583762           0           0       0.000       0.000      24.448      307257500393   1230
     GPU 0  0.000  0.000  0.000  0.000  0.000  0.000  0.000  0.000               3259538               1946230           0           0       0.000       0.000      24.545      307257501677   1230
     GPU 0  0.000  0.000  0.000  0.000  0.000  0.000  0.000  0.000               4409547               2264608           0           0       0.000       0.000      24.540      307257503012   1230

# Entity  GRACT  SMACT  SMOCC  TENSO  DRAMA  FP64A  FP32A  FP16A                 PCITX                 PCIRX       GPUTL       MCUTL       MUSAM       GUSAM       POWER             TOTEC  SACLK
      Id                                                                                                                                                               W                mJ       
     GPU 0  0.000  0.000  0.000  0.000  0.000  0.000  0.000  0.000               4432341               1582803           0           0       0.000       0.000      24.443      307257504312   1230
     GPU 0  0.000  0.000  0.000  0.000  0.000  0.000  0.000  0.000               2192475               1078888           0           0       0.000       0.000      24.540      307257505595   1230
     GPU 0  0.000  0.000  0.000  0.000  0.000  0.000  0.000  0.000               9708746               5731623           0           0       0.000       0.000      24.448      307257506930   1230
     GPU 0  0.000  0.000  0.000  0.000  0.000  0.000  0.000  0.000               3815617               2232014           0           0       0.000       0.000      24.444      307257508229   1230
     GPU 0  0.000  0.000  0.000  0.000  0.000  0.000  0.000  0.000               5906000               3801134           0           0       0.000       0.000      24.540      307257509518   1230
     GPU 0  0.000  0.000  0.000  0.000  0.000  0.000  0.000  0.000               8537646               4458580           0           0       0.000       0.000      24.448      307257510861   1230
     GPU 0  0.000  0.000  0.000  0.000  0.000  0.000  0.000  0.000               3708134               2073622           0           0       0.000       0.000      24.545      307257512147   1230
     GPU 0  0.000  0.000  0.000  0.000  0.000  0.000  0.000  0.000               5098181               3354629           0           0       0.000       0.000      24.448      307257513466   1230
     GPU 0  0.000  0.000  0.000  0.000  0.000  0.000  0.000  0.000              10031126               5268556           0           0       0.000       0.000      24.545      307257514783   1230
     GPU 0  0.000  0.000  0.000  0.000  0.000  0.000  0.000  0.000               4396349               2655563           0           0       0.000       0.000      24.545      307257514783   1230
     GPU 0  0.000  0.000  0.000  0.000  0.000  0.000  0.000  0.000              12652867               6700292           0           0       0.000       0.000      24.545      307257516247   1230
     GPU 0  0.000  0.000  0.000  0.000  0.000  0.000  0.000  0.000               4525584               2708429           0           0       0.000       0.000      24.448      307257517232   1230
     GPU 0  0.000  0.000  0.000  0.000  0.000  0.000  0.000  0.000               4525584               2708429           0           0       0.000       0.000      24.448      307257518775   1230
     GPU 0  0.000  0.000  0.000  0.000  0.000  0.000  0.000  0.000               1136120               1421430           0           0       0.000       0.000      24.535      307257520201   1230

# Entity  GRACT  SMACT  SMOCC  TENSO  DRAMA  FP64A  FP32A  FP16A                 PCITX                 PCIRX       GPUTL       MCUTL       MUSAM       GUSAM       POWER             TOTEC  SACLK
      Id                                                                                                                                                               W                mJ       
     GPU 0  0.021  0.000  0.000  0.000  0.000  0.000  0.000  0.000              19260764             132359484           0           0       0.000       0.000      34.053      307257521849   1230
     GPU 0  0.003  0.000  0.000  0.000  0.000  0.000  0.000  0.000              56392637             455114862           0           0       0.000       3.000      38.425      307257523503   1230
     GPU 0  0.003  0.000  0.000  0.000  0.000  0.000  0.000  0.000              32609269             281614878           3           0       0.000       3.000      38.626      307257525781   1230
     GPU 0  0.007  0.000  0.000  0.000  0.000  0.000  0.000  0.000              48359007             386193405           3           0       0.000       3.000      38.626      307257527360   1230
     GPU 0  0.008  0.000  0.000  0.000  0.000  0.000  0.000  0.000              55566858             460311932           3           0       0.000       3.000      38.619      307257529778   1230
     GPU 0  0.068  0.000  0.000  0.000  0.000  0.000  0.000  0.000              14197428              51550254           4           0       0.000       3.000      38.626      307257531857   1230
     GPU 0  0.007  0.000  0.000  0.000  0.001  0.000  0.000  0.000              69259377             577386136           4           0       0.000       3.000      38.626      307257533882   1230
     GPU 0  0.007  0.000  0.000  0.000  0.000  0.000  0.000  0.000              42916807             338306187           4           0       0.000       3.000      38.626      307257535905   1230
     GPU 0  0.007  0.001  0.001  0.000  0.000  0.000  0.000  0.000              31863653             241772024           4           0       0.000       5.000      38.626      307257537928   1230
     GPU 0  0.000  0.000  0.000  0.000  0.000  0.000  0.000  0.000               5389076               3061741           5           0       0.000       5.000      38.724      307257539953   1230
     GPU 0  0.000  0.000  0.000  0.000  0.000  0.000  0.000  0.000               1325894                509952           5           0       0.000       5.000      38.626      307257541979   1230
     GPU 0  0.001  0.000  0.000  0.000  0.000  0.000  0.000  0.000               3197520               2201894           5           0       0.000       0.000      38.723      307257544044   1230
     GPU 0  0.001  0.000  0.000  0.000  0.002  0.000  0.000  0.000             141954785            1229277247           0           0       0.000       0.000      38.918      307257546075   1230
     GPU 0  0.000  0.000  0.000  0.000  0.000  0.000  0.000  0.000             206272144               3282862           0           0       0.000       0.000      38.626      307257548130   1230

# Entity  GRACT  SMACT  SMOCC  TENSO  DRAMA  FP64A  FP32A  FP16A                 PCITX                 PCIRX       GPUTL       MCUTL       MUSAM       GUSAM       POWER             TOTEC  SACLK
      Id                                                                                                                                                               W                mJ       
     GPU 0  0.000  0.000  0.000  0.000  0.000  0.000  0.000  0.000               2420747               1278292           4           0       0.000       0.000      38.626      307257550153   1230
     GPU 0  0.000  0.000  0.000  0.000  0.000  0.000  0.000  0.000               3644880               2004645           4           0       0.000       4.000      38.626      307257552172   1230
     GPU 0  0.000  0.000  0.000  0.000  0.000  0.000  0.000  0.000               2071151               1116982           4           0       0.000       4.000      38.626      307257554192   1230
     GPU 0  0.000  0.000  0.000  0.000  0.000  0.000  0.000  0.000               3055008               1578930           4           0       0.000       4.000      38.626      307257556215   1230
     GPU 0  0.000  0.000  0.000  0.000  0.000  0.000  0.000  0.000               3249026               1798489           4           0       0.000       0.000      38.626      307257556215   1230
     GPU 0  0.000  0.000  0.000  0.000  0.000  0.000  0.000  0.000               3034024               1802381           0           0       0.000       0.000      38.626      307257558238   1230
     GPU 0  0.003  0.000  0.000  0.000  0.000  0.000  0.000  0.000              30824665               3186237           0           0       0.000       0.000      38.626      307257560259   1230
     GPU 0  0.000  0.000  0.000  0.000  0.000  0.000  0.000  0.000               3155397               1819502           0           0       0.000       0.000      38.626      307257562281   1230
     GPU 0  0.000  0.000  0.000  0.000  0.000  0.000  0.000  0.000               2994406               1513113           0           0       0.000       0.000      38.626      307257564358   1230
     GPU 0  0.000  0.000  0.000  0.000  0.000  0.000  0.000  0.000               3369997               2043125           0           0       0.000       0.000      38.626      307257566263   1230
     GPU 0  0.000  0.000  0.000  0.000  0.000  0.000  0.000  0.000               3346297               1663633           0           0       0.000       0.000      38.626      307257568225   1230
     GPU 0  0.000  0.000  0.000  0.000  0.000  0.000  0.000  0.000               3291761               2059166           0           0       0.000       0.000      38.529      307257570124   1230
     GPU 0  0.000  0.000  0.000  0.000  0.000  0.000  0.000  0.000               3914935               2426902           0           0       0.000       0.000      38.626      307257572081   1230
     GPU 0  0.000  0.000  0.000  0.000  0.000  0.000  0.000  0.000               3468619               2095426           0           0       0.000       0.000      38.626      307257573979   1230

# Entity  GRACT  SMACT  SMOCC  TENSO  DRAMA  FP64A  FP32A  FP16A                 PCITX                 PCIRX       GPUTL       MCUTL       MUSAM       GUSAM       POWER             TOTEC  SACLK
      Id                                                                                                                                                               W                mJ       
     GPU 0  0.000  0.000  0.000  0.000  0.000  0.000  0.000  0.000               3751591               1902368           0           0       0.000       0.000      38.626      307257575947   1230
     GPU 0  0.000  0.000  0.000  0.000  0.000  0.000  0.000  0.000               2823858               1444120           0           0       0.000       0.000      38.626      307257577845   1230
     GPU 0  0.000  0.000  0.000  0.000  0.000  0.000  0.000  0.000               3561691               1839796           0           0       0.000       0.000      38.626      307257579808   1230
     GPU 0  0.000  0.000  0.000  0.000  0.000  0.000  0.000  0.000               3442740               2107302           0           0       0.000       0.000      38.626      307257581709   1230
     GPU 0  0.000  0.000  0.000  0.000  0.000  0.000  0.000  0.000               4252700               2760187           0           0       0.000       0.000      38.626      307257583672   1230
     GPU 0  0.000  0.000  0.000  0.000  0.000  0.000  0.000  0.000               3569939               2147515           0           0       0.000       0.000      38.626      307257585570   1230
     GPU 0  0.000  0.000  0.000  0.000  0.000  0.000  0.000  0.000               4607462               2774981           0           0       0.000       0.000      38.511      307257587546   1230
     GPU 0  0.002  0.000  0.000  0.000  0.000  0.000  0.000  0.000              28397124             225219557           0           0       0.000       0.000      38.511      307257589427   1230
     GPU 0  0.015  0.000  0.000  0.000  0.000  0.000  0.000  0.000              59339628             487668346           0           0       0.000       0.000      38.626      307257591404   1230
     GPU 0  0.008  0.000  0.000  0.000  0.000  0.000  0.000  0.000              37605948             303209876           0           0       0.000       0.000      38.626      307257593286   1230
     GPU 0  0.005  0.000  0.000  0.000  0.000  0.000  0.000  0.000              53150656             422768761           3           0       0.000       3.000      38.724      307257595280   1230
     GPU 0  0.001  0.000  0.000  0.000  0.001  0.000  0.000  0.000              89711604             588375428           3           0       0.000       3.000      38.820      307257597604   1230
     GPU 0  0.005  0.000  0.000  0.000  0.001  0.000  0.000  0.000              28141380             226737757           3           0       0.000       3.000      38.723      307257599159   1230
     GPU 0  0.000  0.000  0.000  0.000  0.000  0.000  0.000  0.000              55534896             481574285           3           0       0.000       3.000      38.626      307257601590   1230

# Entity  GRACT  SMACT  SMOCC  TENSO  DRAMA  FP64A  FP32A  FP16A                 PCITX                 PCIRX       GPUTL       MCUTL       MUSAM       GUSAM       POWER             TOTEC  SACLK
      Id                                                                                                                                                               W                mJ       
     GPU 0  0.004  0.000  0.000  0.000  0.008  0.000  0.000  0.000              52089267             435939026           3           0       0.000       3.000      38.723      307257603036   1230
     GPU 0  0.001  0.000  0.000  0.000  0.000  0.000  0.000  0.000              61859018             506033108           3           0       0.000       3.000      38.723      307257605575   1230
     GPU 0  0.003  0.000  0.000  0.000  0.000  0.000  0.000  0.000              58572254             434626222           9           0       0.000       3.000      38.626      307257607696   1230
     GPU 0  0.005  0.000  0.000  0.000  0.000  0.000  0.000  0.000              57033844             468654267           9           0       0.000       9.000      38.626      307257609730   1230
     GPU 0  0.001  0.000  0.000  0.000  0.000  0.000  0.000  0.000              42617603             331272131           9           0       0.000       9.000      38.723      307257611754   1230
     GPU 0  0.001  0.000  0.000  0.000  0.000  0.000  0.000  0.000              41047997             298483087           9           0       0.000       9.000      38.723      307257613888   1230
     GPU 0  0.003  0.000  0.000  0.000  0.001  0.000  0.000  0.000              80415990             678610724           4           0       0.000       3.000      38.723      307257615936   1230
     GPU 0  0.004  0.000  0.000  0.000  0.001  0.000  0.000  0.000              61627337             539327570           4           0       0.000       3.000      38.723      307257617964   1230
     GPU 0  0.003  0.000  0.000  0.000  0.000  0.000  0.000  0.000              39783750             336681854           4           0       0.000       3.000      38.723      307257620086   1230
     GPU 0  0.002  0.000  0.000  0.000  0.000  0.000  0.000  0.000              45203440             386806614           3           0       0.000       3.000      38.626      307257622112   1230
     GPU 0  0.003  0.000  0.000  0.000  0.001  0.000  0.000  0.000              59576545             517823074           3           0       0.000       3.000      38.723      307257624138   1230
     GPU 0  0.001  0.000  0.000  0.000  0.000  0.000  0.000  0.000              22417569             186445042           3           0       0.000       3.000      38.723      307257626164   1230
     GPU 0  0.002  0.000  0.000  0.000  0.000  0.000  0.000  0.000              42485906             362197232           4           0       0.000       3.000      38.723      307257628193   1230
     GPU 0  0.009  0.000  0.000  0.000  0.000  0.000  0.000  0.000              44271954             380425765           4           0       0.000       3.000      38.723      307257630217   1230

# Entity  GRACT  SMACT  SMOCC  TENSO  DRAMA  FP64A  FP32A  FP16A                 PCITX                 PCIRX       GPUTL       MCUTL       MUSAM       GUSAM       POWER             TOTEC  SACLK
      Id                                                                                                                                                               W                mJ       
     GPU 0  0.136  0.027  0.008  0.000  0.009  0.000  0.000  0.000             110934244             892590228           4           0       0.000       3.000      39.209      307257632289   1230
     GPU 0  0.383  0.141  0.034  0.000  0.028  0.000  0.042  0.000             658671720            2561800479          20           0       1.000       3.000      44.338      307257634669   1230
     GPU 0  0.380  0.070  0.015  0.000  0.027  0.000  0.029  0.000            1115431484            2690201042          20           2       1.000      19.000      46.185      307257637202   1230
     GPU 0  0.369  0.010  0.008  0.000  0.024  0.000  0.014  0.000            1495020262            1511886441          20           2       1.000      19.000      47.225      307257639285   1230
     GPU 0  0.542  0.182  0.032  0.000  0.037  0.000  0.003  0.000             743549706            3001766482          20           2       1.000      19.000      46.282      307257639285   1230
     GPU 0  0.482  0.172  0.031  0.000  0.036  0.000  0.035  0.000             844902275            3016340529          54           5       4.000      53.000      49.935      307257642069   1230
     GPU 0  0.480  0.174  0.031  0.000  0.035  0.000  0.033  0.000             840021468            2900862183          54           5       4.000      53.000      49.361      307257644819   1230
     GPU 0  0.531  0.199  0.038  0.000  0.043  0.000  0.039  0.000             818308647            2893354221          54           5       4.000      53.000      48.022      307257647511   1230
     GPU 0  0.557  0.205  0.041  0.000  0.045  0.000  0.041  0.000             768489608            2804353809          54           5       4.000      53.000      48.980      307257650218   1230
     GPU 0  0.372  0.000  0.000  0.000  0.030  0.000  0.024  0.000            1128103877            1831553076          54           5       4.000      54.000      48.986      307257652890   1230
     GPU 0  0.466  0.156  0.027  0.000  0.038  0.000  0.003  0.000             915343139            2759332846          54           5       4.000      54.000      50.736      307257655628   1230
     GPU 0  0.128  0.102  0.021  0.000  0.007  0.000  0.000  0.000             726330667             464846519          47           5       4.000      54.000      43.851      307257658231   1230
     GPU 0  0.000  0.000  0.000  0.000  0.000  0.000  0.000  0.000               1949034                806041          47           4       4.000      47.000      43.170      307257660556   1230
     GPU 0  0.000  0.000  0.000  0.000  0.000  0.000  0.000  0.000               3052122               1551163          47           4       4.000      47.000      43.268      307257662815   1230

# Entity  GRACT  SMACT  SMOCC  TENSO  DRAMA  FP64A  FP32A  FP16A                 PCITX                 PCIRX       GPUTL       MCUTL       MUSAM       GUSAM       POWER             TOTEC  SACLK
      Id                                                                                                                                                               W                mJ       
     GPU 0  0.000  0.000  0.000  0.000  0.000  0.000  0.000  0.000               1770049                731668          47           4       4.000      47.000      43.074      307257665134   1230
     GPU 0  0.000  0.000  0.000  0.000  0.000  0.000  0.000  0.000               4784708               2653082           0           0       0.000       0.000      43.171      307257667394   1230
     GPU 0  0.000  0.000  0.000  0.000  0.000  0.000  0.000  0.000               5276601               2888938           0           0       0.000       0.000      43.171      307257669654   1230
     GPU 0  0.292  0.000  0.000  0.000  0.024  0.000  0.016  0.000             470017666            2989352799           0           0       0.000       0.000      50.342      307257672145   1230
     GPU 0  0.176  0.067  0.013  0.000  0.003  0.000  0.000  0.000             103108527             714471752          15           0       1.000       0.000      44.144      307257674567   1230
     GPU 0  0.525  0.009  0.001  0.000  0.001  0.000  0.002  0.000             123184997             798714742          15           1       1.000      15.000      44.240      307257676879   1230
     GPU 0  0.589  0.010  0.001  0.000  0.001  0.000  0.002  0.000             112084189             693342268          15           1       1.000      15.000      44.143      307257679193   1230
     GPU 0  0.548  0.011  0.002  0.000  0.001  0.000  0.002  0.000             118779456             746860414          55           1       0.000      15.000      44.337      307257681592   1230
     GPU 0  0.581  0.009  0.001  0.000  0.001  0.000  0.002  0.000             150562465             995825569          55           0       0.000      54.000      44.240      307257683941   1230
     GPU 0  0.562  0.011  0.002  0.000  0.001  0.000  0.002  0.000             168068750            1154393537          55           0       0.000      54.000      44.337      307257686267   1230
     GPU 0  0.592  0.011  0.002  0.000  0.001  0.000  0.002  0.000             170486096            1165459324          55           0       0.000      54.000      44.435      307257688596   1230
     GPU 0  0.594  0.011  0.002  0.000  0.001  0.000  0.002  0.000             185722379            1265577725          59           0       0.000      58.000      44.435      307257691050   1230
     GPU 0  0.576  0.010  0.001  0.000  0.001  0.000  0.002  0.000             187516161            1285603950          59           0       0.000      58.000      44.435      307257693166   1230
     GPU 0  0.581  0.011  0.002  0.000  0.001  0.000  0.002  0.000             191154415            1345155183          59           0       0.000      58.000      44.434      307257695485   1230

# Entity  GRACT  SMACT  SMOCC  TENSO  DRAMA  FP64A  FP32A  FP16A                 PCITX                 PCIRX       GPUTL       MCUTL       MUSAM       GUSAM       POWER             TOTEC  SACLK
      Id                                                                                                                                                               W                mJ       
     GPU 0  0.631  0.011  0.002  0.000  0.001  0.000  0.002  0.000             229637495            1632229425          61           0       0.000      58.000      44.435      307257697599   1230
     GPU 0  0.598  0.012  0.002  0.000  0.001  0.000  0.002  0.000             199133265            1390679570          61           0       0.000      61.000      44.338      307257699934   1230
     GPU 0  0.552  0.011  0.002  0.000  0.001  0.000  0.002  0.000             185663969            1294795447          61           0       0.000      61.000      44.337      307257702043   1230
     GPU 0  0.602  0.010  0.002  0.000  0.001  0.000  0.002  0.000             178286744            1218104478          62           0       0.000      61.000      44.338      307257704379   1230
     GPU 0  0.600  0.011  0.002  0.000  0.001  0.000  0.002  0.000             202322390            1416857639          62           0       0.000      61.000      44.338      307257706478   1230
     GPU 0  0.624  0.010  0.002  0.000  0.001  0.000  0.002  0.000             201782806            1400278464          62           0       0.000      61.000      44.337      307257708832   1230
     GPU 0  0.582  0.011  0.002  0.000  0.001  0.000  0.002  0.000             136222486             875505240          62           0       0.000      61.000      44.435      307257710913   1230
     GPU 0  0.586  0.012  0.002  0.000  0.001  0.000  0.002  0.000             119383381             735989260          62           0       0.000      61.000      44.435      307257710913   1230
     GPU 0  0.614  0.011  0.002  0.000  0.001  0.000  0.002  0.000             186857117            1275718995          62           0       0.000      61.000      44.338      307257713500   1230
     GPU 0  0.597  0.009  0.001  0.000  0.001  0.000  0.002  0.000             213898334            1504042392          62           0       0.000      61.000      44.240      307257715928   1230
     GPU 0  0.592  0.011  0.002  0.000  0.001  0.000  0.002  0.000             159807411            1059422988          61           0       0.000      61.000      44.337      307257718255   1230
     GPU 0  0.621  0.010  0.001  0.000  0.001  0.000  0.002  0.000             207429794            1448318583          61           0       0.000      61.000      44.435      307257720574   1230
     GPU 0  0.637  0.011  0.002  0.000  0.001  0.000  0.000  0.000             199186273            1364270570          61           0       0.000      61.000      44.435      307257722903   1230
     GPU 0  0.591  0.012  0.002  0.000  0.001  0.000  0.002  0.000             147622670             952089266          62           0       0.000      61.000      44.338      307257725227   1230

# Entity  GRACT  SMACT  SMOCC  TENSO  DRAMA  FP64A  FP32A  FP16A                 PCITX                 PCIRX       GPUTL       MCUTL       MUSAM       GUSAM       POWER             TOTEC  SACLK
      Id                                                                                                                                                               W                mJ       
     GPU 0  0.563  0.010  0.002  0.000  0.001  0.000  0.002  0.000             107206597             657324111          62           0       0.000      61.000      44.241      307257727576   1230
     GPU 0  0.583  0.010  0.002  0.000  0.001  0.000  0.002  0.000             166495016            1079107763          62           0       0.000      61.000      44.338      307257729895   1230
     GPU 0  0.568  0.007  0.001  0.000  0.001  0.000  0.002  0.000             173447170            1161666232          62           0       0.000      61.000      44.338      307257732218   1230
     GPU 0  0.559  0.010  0.001  0.000  0.001  0.000  0.002  0.000             195683610            1320435736          60           0       0.000      59.000      44.338      307257734585   1230
     GPU 0  0.665  0.012  0.002  0.000  0.001  0.000  0.002  0.000             152689834            1034936192          60           0       0.000      59.000      44.434      307257736911   1230
     GPU 0  0.605  0.009  0.001  0.000  0.001  0.000  0.002  0.000             214231052            1446680922          60           0       0.000      59.000      44.435      307257739306   1230
     GPU 0  0.621  0.010  0.002  0.000  0.001  0.000  0.002  0.000             205192366            1402530821          61           0       0.000      60.000      44.435      307257741724   1230
     GPU 0  0.565  0.010  0.001  0.000  0.001  0.000  0.002  0.000             154173875            1033068459          61           0       0.000      60.000      44.337      307257744054   1230
     GPU 0  0.599  0.010  0.002  0.000  0.001  0.000  0.002  0.000             173760957            1152283463          61           0       0.000      60.000      44.338      307257746388   1230
     GPU 0  0.593  0.011  0.002  0.000  0.001  0.000  0.002  0.000             198881329            1337361227          62           0       0.000      60.000      44.532      307257748841   1230
     GPU 0  0.539  0.009  0.001  0.000  0.001  0.000  0.002  0.000             142969252             932398140          62           0       0.000      61.000      44.337      307257751163   1230
     GPU 0  0.540  0.011  0.002  0.000  0.001  0.000  0.002  0.000             127491404             792213823          62           0       0.000      61.000      44.240      307257753479   1230
     GPU 0  0.540  0.011  0.002  0.000  0.001  0.000  0.002  0.000             127491404             792213823          62           0       0.000      61.000      44.240      307257755802   1230
     GPU 0  0.603  0.010  0.002  0.000  0.001  0.000  0.002  0.000             153561620             994695985          60           0       0.000      59.000      44.338      307257758125   1230

# Entity  GRACT  SMACT  SMOCC  TENSO  DRAMA  FP64A  FP32A  FP16A                 PCITX                 PCIRX       GPUTL       MCUTL       MUSAM       GUSAM       POWER             TOTEC  SACLK
      Id                                                                                                                                                               W                mJ       
     GPU 0  0.595  0.010  0.001  0.000  0.001  0.000  0.002  0.000             183576486            1247251756          60           0       0.000      59.000      44.338      307257760447   1230
     GPU 0  0.611  0.010  0.001  0.000  0.001  0.000  0.002  0.000             176929239            1179927715          60           0       0.000      59.000      44.435      307257760447   1230
     GPU 0  0.627  0.011  0.002  0.000  0.001  0.000  0.002  0.000             212791196            1477916601          61           0       0.000      60.000      44.532      307257762778   1230
     GPU 0  0.645  0.011  0.002  0.000  0.001  0.000  0.002  0.000             187378104            1287178834          61           0       0.000      60.000      44.434      307257765154   1230
     GPU 0  0.580  0.010  0.001  0.000  0.001  0.000  0.002  0.000             159122950            1020825038          61           0       0.000      60.000      44.338      307257767496   1230
     GPU 0  0.593  0.009  0.001  0.000  0.001  0.000  0.002  0.000             194622772            1316662185          61           0       0.000      60.000      44.435      307257769583   1230
     GPU 0  0.594  0.011  0.002  0.000  0.001  0.000  0.002  0.000             162781298            1067861983          61           0       0.000      61.000      44.240      307257772095   1230
     GPU 0  0.582  0.010  0.002  0.000  0.001  0.000  0.002  0.000             144613538             927246603          61           0       0.000      61.000      44.337      307257774018   1230
     GPU 0  0.588  0.010  0.001  0.000  0.001  0.000  0.002  0.000             161270278            1057533331          61           0       0.000      61.000      44.435      307257776650   1230
     GPU 0  0.603  0.012  0.002  0.000  0.001  0.000  0.002  0.000              94985744             507068235          61           0       0.000      60.000      44.240      307257779033   1230
     GPU 0  0.577  0.011  0.002  0.000  0.001  0.000  0.002  0.000             174351099            1166719147          61           0       0.000      60.000      44.435      307257781362   1230
     GPU 0  0.553  0.011  0.002  0.000  0.001  0.000  0.002  0.000             162420899            1083200626          61           0       0.000      60.000      44.434      307257783750   1230
     GPU 0  0.579  0.009  0.001  0.000  0.001  0.000  0.002  0.000             169266167            1143854113          59           0       0.000      59.000      44.240      307257786146   1230
     GPU 0  0.560  0.010  0.001  0.000  0.001  0.000  0.000  0.000             108828536             630219531          59           0       0.000      59.000      44.241      307257788466   1230

# Entity  GRACT  SMACT  SMOCC  TENSO  DRAMA  FP64A  FP32A  FP16A                 PCITX                 PCIRX       GPUTL       MCUTL       MUSAM       GUSAM       POWER             TOTEC  SACLK
      Id                                                                                                                                                               W                mJ       
     GPU 0  0.498  0.009  0.001  0.000  0.001  0.000  0.002  0.000             179767608            1227472104          59           0       0.000      59.000      44.337      307257790782   1230
     GPU 0  0.590  0.010  0.002  0.000  0.001  0.000  0.002  0.000             195407975            1348276343          58           0       0.000      59.000      44.435      307257793105   1230
     GPU 0  0.617  0.010  0.002  0.000  0.001  0.000  0.002  0.000             194438698            1335656826          58           0       0.000      57.000      44.241      307257795424   1230
     GPU 0  0.563  0.008  0.001  0.000  0.001  0.000  0.002  0.000             196523326            1368476401          58           0       0.000      57.000      44.338      307257797741   1230
     GPU 0  0.635  0.009  0.001  0.000  0.001  0.000  0.002  0.000             208386439            1454687062          60           0       0.000      57.000      44.435      307257800069   1230
     GPU 0  0.582  0.011  0.002  0.000  0.001  0.000  0.002  0.000             195688675            1334578052          60           0       0.000      60.000      44.435      307257802398   1230
     GPU 0  0.576  0.010  0.001  0.000  0.001  0.000  0.002  0.000             190179023            1313995106          60           0       0.000      60.000      44.629      307257804800   1230
     GPU 0  0.638  0.011  0.002  0.000  0.001  0.000  0.002  0.000             199758234            1370190699          60           0       0.000      61.000      44.434      307257807131   1230
     GPU 0  0.607  0.010  0.002  0.000  0.001  0.000  0.000  0.000             187486137            1294539150          61           0       0.000      61.000      44.435      307257809455   1230
     GPU 0  0.614  0.012  0.002  0.000  0.001  0.000  0.002  0.000             204192121            1424628571          61           0       0.000      61.000      44.435      307257811783   1230
     GPU 0  0.581  0.011  0.002  0.000  0.001  0.000  0.002  0.000             165155935            1110074383          61           0       0.000      61.000      44.435      307257814106   1230
     GPU 0  0.621  0.010  0.002  0.000  0.001  0.000  0.002  0.000             195372074            1343789999          62           0       0.000      61.000      44.435      307257814106   1230
     GPU 0  0.578  0.010  0.002  0.000  0.001  0.000  0.002  0.000             197365196            1378275005          62           0       0.000      62.000      44.435      307257816437   1230
     GPU 0  0.307  0.010  0.001  0.000  0.001  0.000  0.002  0.000             118261368             692171145          62           0       0.000      62.000      44.435      307257818764   1230

# Entity  GRACT  SMACT  SMOCC  TENSO  DRAMA  FP64A  FP32A  FP16A                 PCITX                 PCIRX       GPUTL       MCUTL       MUSAM       GUSAM       POWER             TOTEC  SACLK
      Id                                                                                                                                                               W                mJ       
     GPU 0  0.588  0.011  0.002  0.000  0.001  0.000  0.002  0.000             214522858            1505174909          61           0       0.000      62.000      44.434      307257821094   1230
     GPU 0  0.648  0.010  0.001  0.000  0.001  0.000  0.002  0.000             167345188            1072305115          61           0       0.000      60.000      44.532      307257823465   1230
     GPU 0  0.526  0.009  0.001  0.000  0.001  0.000  0.002  0.000             143094082             958762014          61           0       0.000      60.000      44.241      307257825791   1230
     GPU 0  0.576  0.010  0.001  0.000  0.001  0.000  0.002  0.000             135691696             883286387          61           0       0.000      60.000      44.338      307257828182   1230
     GPU 0  0.220  0.010  0.001  0.000  0.000  0.000  0.002  0.000              47844862             262484338          59           0       0.000      58.000      43.559      307257830558   1230
     GPU 0  0.000  0.000  0.000  0.000  0.000  0.000  0.000  0.000                841986                432628          59           0       0.000      58.000      43.268      307257832884   1230
     GPU 0  0.000  0.000  0.000  0.000  0.000  0.000  0.000  0.000               5066832               2877844          59           0       0.000      58.000      43.268      307257835041   1230
     GPU 0  0.000  0.000  0.000  0.000  0.000  0.000  0.000  0.000               5468668               3480252           1           0       0.000       1.000      43.373      307257837206   1230
     GPU 0  0.000  0.000  0.000  0.000  0.000  0.000  0.000  0.000               5016794               2781466           1           0       0.000       1.000      43.171      307257839369   1230
     GPU 0  0.000  0.000  0.000  0.000  0.000  0.000  0.000  0.000               4876351               2803577           1           0       0.000       1.000      43.179      307257841809   1230
     GPU 0  0.000  0.000  0.000  0.000  0.000  0.000  0.000  0.000               6310358               3531851           0           0       0.000       1.000      43.268      307257843687   1230
     GPU 0  0.000  0.000  0.000  0.000  0.000  0.000  0.000  0.000               4623887               2674109           0           0       0.000       0.000      43.268      307257846241   1230
     GPU 0  0.000  0.000  0.000  0.000  0.000  0.000  0.000  0.000               5323425               3022593           0           0       0.000       0.000      43.179      307257848008   1230
     GPU 0  0.000  0.000  0.000  0.000  0.000  0.000  0.000  0.000               4578116               2676149           0           0       0.000       0.000      43.171      307257850672   1230

# Entity  GRACT  SMACT  SMOCC  TENSO  DRAMA  FP64A  FP32A  FP16A                 PCITX                 PCIRX       GPUTL       MCUTL       MUSAM       GUSAM       POWER             TOTEC  SACLK
      Id                                                                                                                                                               W                mJ       
     GPU 0  0.000  0.000  0.000  0.000  0.000  0.000  0.000  0.000               4708262               2643983           0           0       0.000       0.000      43.171      307257853051   1230
     GPU 0  0.001  0.000  0.000  0.000  0.001  0.000  0.000  0.000               6078097               4150216           0           0       0.000       0.000      43.268      307257855317   1230
     GPU 0  0.000  0.000  0.000  0.000  0.001  0.000  0.000  0.000               6223234               4150045           0           0       0.000       0.000      43.365      307257857595   1230
     GPU 0  0.000  0.000  0.000  0.000  0.002  0.000  0.000  0.000               6462852               5100904           3           0       0.000       0.000      43.268      307257859986   1230
     GPU 0  0.000  0.000  0.000  0.000  0.003  0.000  0.000  0.000               5404718               5631790           3           0       0.000       0.000      43.373      307257862257   1230
     GPU 0  0.000  0.000  0.000  0.000  0.002  0.000  0.000  0.000               4587351               3923288           3           0       0.000       0.000      43.365      307257864534   1230
     GPU 0  0.000  0.000  0.000  0.000  0.000  0.000  0.000  0.000               4929674               5760191           4           0       0.000       0.000      43.268      307257866916   1230
     GPU 0  0.000  0.000  0.000  0.000  0.000  0.000  0.000  0.000               3581032               1910523           4           0       0.000       0.000      43.268      307257866916   1230
     GPU 0  0.000  0.000  0.000  0.000  0.000  0.000  0.000  0.000               4499925               4372518           4           0       0.000       0.000      43.386      307257869180   1230
