# Entity  GRACT  SMACT  SMOCC  TENSO  DRAMA  FP64A  FP32A  FP16A                 PCITX                 PCIRX       GPUTL       MCUTL       MUSAM       GUSAM       POWER             TOTEC  SACLK
      Id                                                                                                                                                               W                mJ       
     GPU 0  0.000  0.000  0.000  0.000  0.000  0.000  0.000  0.000             144014401              28802880           0           0       0.000       0.000      42.781      307257952165   1230
     GPU 0  0.000  0.000  0.000  0.000  0.000  0.000  0.000  0.000               2359364               1005983           0           0       0.000       0.000      43.268      307257954093   1230
     GPU 0  0.000  0.000  0.000  0.000  0.000  0.000  0.000  0.000               1418381                739260           0           0       0.000       0.000      43.171      307257954093   1230
     GPU 0  0.000  0.000  0.000  0.000  0.000  0.000  0.000  0.000               5904707               3448353           0           0       0.000       0.000      43.171      307257956665   1230
     GPU 0  0.000  0.000  0.000  0.000  0.000  0.000  0.000  0.000               2039675                869471           0           0       0.000       0.000      43.268      307257959026   1230
     GPU 0  0.000  0.000  0.000  0.000  0.000  0.000  0.000  0.000               1523529                716620           0           0       0.000       0.000      43.268      307257961295   1230
     GPU 0  0.000  0.000  0.000  0.000  0.000  0.000  0.000  0.000               4720840               2843509           0           0       0.000       0.000      43.179      307257963558   1230
     GPU 0  0.000  0.000  0.000  0.000  0.000  0.000  0.000  0.000               2274566                909362           0           0       0.000       0.000      43.179      307257965966   1230
     GPU 0  0.000  0.000  0.000  0.000  0.000  0.000  0.000  0.000               1483084                976052           0           0       0.000       0.000      43.171      307257968232   1230
     GPU 0  0.000  0.000  0.000  0.000  0.000  0.000  0.000  0.000               5015737               2894427           0           0       0.000       0.000      43.268      307257970494   1230
     GPU 0  0.000  0.000  0.000  0.000  0.000  0.000  0.000  0.000               1738814               1243016           0           0       0.000       0.000      43.276      307257972879   1230
     GPU 0  0.000  0.000  0.000  0.000  0.000  0.000  0.000  0.000               7834689               4626169           0           0       0.000       0.000      43.268      307257975156   1230
     GPU 0  0.000  0.000  0.000  0.000  0.000  0.000  0.000  0.000               3801448               2573391           0           0       0.000       0.000      43.268      307257977428   1230
     GPU 0  0.000  0.000  0.000  0.000  0.000  0.000  0.000  0.000               4869010               2920513           0           0       0.000       0.000      43.268      307257979805   1230
     GPU 0  0.000  0.000  0.000  0.000  0.000  0.000  0.000  0.000               2629843               1203303           0           0       0.000       0.000      43.268      307257982071   1230

# Entity  GRACT  SMACT  SMOCC  TENSO  DRAMA  FP64A  FP32A  FP16A                 PCITX                 PCIRX       GPUTL       MCUTL       MUSAM       GUSAM       POWER             TOTEC  SACLK
      Id                                                                                                                                                               W                mJ       
     GPU 0  0.000  0.000  0.000  0.000  0.000  0.000  0.000  0.000               2449775               1143604           0           0       0.000       0.000      43.171      307257984337   1230
     GPU 0  0.000  0.000  0.000  0.000  0.000  0.000  0.000  0.000              10944351               6320006           0           0       0.000       0.000      43.268      307257986727   1230
     GPU 0  0.000  0.000  0.000  0.000  0.000  0.000  0.000  0.000               4885434               2930885           0           0       0.000       0.000      43.268      307257988991   1230
     GPU 0  0.000  0.000  0.000  0.000  0.000  0.000  0.000  0.000               4752504               2616438           0           0       0.000       0.000      43.268      307257991255   1230
     GPU 0  0.000  0.000  0.000  0.000  0.000  0.000  0.000  0.000               4752504               2616438           0           0       0.000       0.000      43.268      307257993520   1230
     GPU 0  0.000  0.000  0.000  0.000  0.000  0.000  0.000  0.000               4470344               2514796           0           0       0.000       0.000      43.171      307257995785   1230
     GPU 0  0.000  0.000  0.000  0.000  0.000  0.000  0.000  0.000               5712484               3764307           0           0       0.000       0.000      43.171      307257998051   1230
     GPU 0  0.000  0.000  0.000  0.000  0.000  0.000  0.000  0.000               4611201               2730867           0           0       0.000       0.000      43.268      307257998051   1230
     GPU 0  0.000  0.000  0.000  0.000  0.000  0.000  0.000  0.000               3815040               2131358           0           0       0.000       0.000      43.268      307258000348   1230
     GPU 0  0.000  0.000  0.000  0.000  0.000  0.000  0.000  0.000               5452374               3652523           0           0       0.000       0.000      43.268      307258002610   1230
     GPU 0  0.000  0.000  0.000  0.000  0.000  0.000  0.000  0.000               6464893               3638769           0           0       0.000       0.000      43.268      307258004911   1230
     GPU 0  0.000  0.000  0.000  0.000  0.000  0.000  0.000  0.000               4283060               2398758           0           0       0.000       0.000      43.268      307258007179   1230
     GPU 0  0.000  0.000  0.000  0.000  0.000  0.000  0.000  0.000               4732421               2578074           0           0       0.000       0.000      43.171      307258009438   1230
     GPU 0  0.000  0.000  0.000  0.000  0.000  0.000  0.000  0.000               6104918               3315605           0           0       0.000       0.000      43.268      307258011836   1230

# Entity  GRACT  SMACT  SMOCC  TENSO  DRAMA  FP64A  FP32A  FP16A                 PCITX                 PCIRX       GPUTL       MCUTL       MUSAM       GUSAM       POWER             TOTEC  SACLK
      Id                                                                                                                                                               W                mJ       
     GPU 0  0.000  0.000  0.000  0.000  0.000  0.000  0.000  0.000               5658677               3720697           0           0       0.000       0.000      43.268      307258013930   1230
     GPU 0  0.000  0.000  0.000  0.000  0.000  0.000  0.000  0.000               9736654               5822967           0           0       0.000       0.000      43.268      307258016154   1230
     GPU 0  0.000  0.000  0.000  0.000  0.000  0.000  0.000  0.000               5424039               3581560           0           0       0.000       0.000      43.276      307258018256   1230
     GPU 0  0.000  0.000  0.000  0.000  0.000  0.000  0.000  0.000               8792359               5268685           0           0       0.000       0.000      43.171      307258020482   1230
     GPU 0  0.000  0.000  0.000  0.000  0.000  0.000  0.000  0.000               5566572               3680221           0           0       0.000       0.000      43.171      307258022574   1230
     GPU 0  0.000  0.000  0.000  0.000  0.000  0.000  0.000  0.000               8445133               4683948           0           0       0.000       0.000      43.268      307258024809   1230
     GPU 0  0.000  0.000  0.000  0.000  0.000  0.000  0.000  0.000               4953355               3005244           0           0       0.000       0.000      43.171      307258026893   1230
     GPU 0  0.000  0.000  0.000  0.000  0.000  0.000  0.000  0.000               8828339               4877244           0           0       0.000       0.000      43.268      307258029137   1230
     GPU 0  0.000  0.000  0.000  0.000  0.000  0.000  0.000  0.000               4869059               2972285           0           0       0.000       0.000      43.171      307258031220   1230
     GPU 0  0.000  0.000  0.000  0.000  0.000  0.000  0.000  0.000               8738577               4869108           0           0       0.000       0.000      43.268      307258033459   1230
     GPU 0  0.000  0.000  0.000  0.000  0.000  0.000  0.000  0.000               4596766               2822627           0           0       0.000       0.000      43.171      307258035537   1230
     GPU 0  0.000  0.000  0.000  0.000  0.000  0.000  0.000  0.000               9058687               5008803           0           0       0.000       0.000      43.268      307258037788   1230
     GPU 0  0.000  0.000  0.000  0.000  0.000  0.000  0.000  0.000               4439630               2423264           0           0       0.000       0.000      43.268      307258039856   1230
     GPU 0  0.000  0.000  0.000  0.000  0.000  0.000  0.000  0.000               1380120                934543           0           0       0.000       0.000      43.268      307258042114   1230

# Entity  GRACT  SMACT  SMOCC  TENSO  DRAMA  FP64A  FP32A  FP16A                 PCITX                 PCIRX       GPUTL       MCUTL       MUSAM       GUSAM       POWER             TOTEC  SACLK
      Id                                                                                                                                                               W                mJ       
     GPU 0  0.000  0.000  0.000  0.000  0.000  0.000  0.000  0.000              10182999               5536728           0           0       0.000       0.000      43.268      307258044706   1230
     GPU 0  0.000  0.000  0.000  0.000  0.000  0.000  0.000  0.000               5067464               2684997           0           0       0.000       0.000      43.268      307258046441   1230
     GPU 0  0.000  0.000  0.000  0.000  0.000  0.000  0.000  0.000               2993044               1614745           0           0       0.000       0.000      43.268      307258049153   1230
     GPU 0  0.000  0.000  0.000  0.000  0.000  0.000  0.000  0.000               5686305               3228703           0           0       0.000       0.000      43.268      307258050771   1230
     GPU 0  0.000  0.000  0.000  0.000  0.000  0.000  0.000  0.000               6282151               3395017           0           0       0.000       0.000      43.268      307258053589   1230
     GPU 0  0.000  0.000  0.000  0.000  0.000  0.000  0.000  0.000                767627                363158           0           0       0.000       0.000      43.268      307258055957   1230
     GPU 0  0.000  0.000  0.000  0.000  0.000  0.000  0.000  0.000               3869343               2061320           0           0       0.000       0.000      43.268      307258058219   1230
     GPU 0  0.000  0.000  0.000  0.000  0.000  0.000  0.000  0.000               5381473               2898519           0           0       0.000       0.000      43.268      307258060487   1230
     GPU 0  0.000  0.000  0.000  0.000  0.000  0.000  0.000  0.000               3247127               1735531           0           0       0.000       0.000      43.268      307258062749   1230
     GPU 0  0.000  0.000  0.000  0.000  0.000  0.000  0.000  0.000               5722059               2856688           0           0       0.000       0.000      43.268      307258065016   1230
     GPU 0  0.000  0.000  0.000  0.000  0.000  0.000  0.000  0.000               3374278               1727926           0           0       0.000       0.000      43.171      307258067277   1230
     GPU 0  0.000  0.000  0.000  0.000  0.000  0.000  0.000  0.000               1584132                986209           0           0       0.000       0.000      43.171      307258069547   1230
     GPU 0  0.000  0.000  0.000  0.000  0.000  0.000  0.000  0.000               1323635                531581           0           0       0.000       0.000      43.171      307258071809   1230
     GPU 0  0.000  0.000  0.000  0.000  0.000  0.000  0.000  0.000               1331911                656135           0           0       0.000       0.000      43.268      307258074133   1230

# Entity  GRACT  SMACT  SMOCC  TENSO  DRAMA  FP64A  FP32A  FP16A                 PCITX                 PCIRX       GPUTL       MCUTL       MUSAM       GUSAM       POWER             TOTEC  SACLK
      Id                                                                                                                                                               W                mJ       
     GPU 0  0.000  0.000  0.000  0.000  0.000  0.000  0.000  0.000               2696169               1316784           0           0       0.000       0.000      43.268      307258076414   1230
     GPU 0  0.000  0.000  0.000  0.000  0.000  0.000  0.000  0.000               2027259                976177           0           0       0.000       0.000      43.268      307258078708   1230
     GPU 0  0.000  0.000  0.000  0.000  0.000  0.000  0.000  0.000               1703342                722141           0           0       0.000       0.000      43.268      307258081060   1230
     GPU 0  0.000  0.000  0.000  0.000  0.000  0.000  0.000  0.000               2182523                933845           0           0       0.000       0.000      43.268      307258081060   1230
     GPU 0  0.000  0.000  0.000  0.000  0.000  0.000  0.000  0.000               1569095                704305           0           0       0.000       0.000      43.268      307258083325   1230
     GPU 0  0.000  0.000  0.000  0.000  0.000  0.000  0.000  0.000               2250051               1177670           0           0       0.000       0.000      43.268      307258085601   1230
     GPU 0  0.000  0.000  0.000  0.000  0.000  0.000  0.000  0.000                771141                289493           0           0       0.000       0.000      43.268      307258087978   1230
     GPU 0  0.000  0.000  0.000  0.000  0.000  0.000  0.000  0.000               2535942               1261358           0           0       0.000       0.000      43.268      307258090246   1230
     GPU 0  0.000  0.000  0.000  0.000  0.000  0.000  0.000  0.000               2542116               1329647           0           0       0.000       0.000      43.276      307258092514   1230
     GPU 0  0.000  0.000  0.000  0.000  0.000  0.000  0.000  0.000               5962003               9277065           0           0       0.000       0.000      43.268      307258094781   1230
     GPU 0  0.000  0.000  0.000  0.000  0.000  0.000  0.000  0.000               5289889               3292349           0           0       0.000       0.000      43.276      307258097045   1230
     GPU 0  0.000  0.000  0.000  0.000  0.000  0.000  0.000  0.000               8245109               4736034           0           0       0.000       0.000      43.268      307258099338   1230
     GPU 0  0.000  0.000  0.000  0.000  0.000  0.000  0.000  0.000               4704199               2579834           0           0       0.000       0.000      43.276      307258101626   1230
     GPU 0  0.000  0.000  0.000  0.000  0.000  0.000  0.000  0.000               5487870               3319799           0           0       0.000       0.000      43.276      307258103928   1230

# Entity  GRACT  SMACT  SMOCC  TENSO  DRAMA  FP64A  FP32A  FP16A                 PCITX                 PCIRX       GPUTL       MCUTL       MUSAM       GUSAM       POWER             TOTEC  SACLK
      Id                                                                                                                                                               W                mJ       
     GPU 0  0.000  0.000  0.000  0.000  0.000  0.000  0.000  0.000               7948371               4131729           0           0       0.000       0.000      43.268      307258106187   1230
     GPU 0  0.000  0.000  0.000  0.000  0.000  0.000  0.000  0.000               4875672               2679037           0           0       0.000       0.000      43.179      307258108251   1230
     GPU 0  0.000  0.000  0.000  0.000  0.000  0.000  0.000  0.000               8337726               4371462           0           0       0.000       0.000      43.268      307258110517   1230
     GPU 0  0.000  0.000  0.000  0.000  0.000  0.000  0.000  0.000               4905167               2701848           0           0       0.000       0.000      43.276      307258112568   1230
     GPU 0  0.000  0.000  0.000  0.000  0.000  0.000  0.000  0.000               8070467               4238830           0           0       0.000       0.000      43.179      307258114842   1230
     GPU 0  0.000  0.000  0.000  0.000  0.000  0.000  0.000  0.000               5006935               2855792           0           0       0.000       0.000      43.179      307258116886   1230
     GPU 0  0.000  0.000  0.000  0.000  0.000  0.000  0.000  0.000               7864636               4076714           0           0       0.000       0.000      43.268      307258119167   1230
     GPU 0  0.000  0.000  0.000  0.000  0.000  0.000  0.000  0.000               4548697               2459932           0           0       0.000       0.000      43.268      307258121205   1230
     GPU 0  0.000  0.000  0.000  0.000  0.000  0.000  0.000  0.000               7573512               4215122           0           0       0.000       0.000      43.171      307258123687   1230
     GPU 0  0.000  0.000  0.000  0.000  0.000  0.000  0.000  0.000               1598181               1088576           0           0       0.000       0.000      43.171      307258125529   1230
     GPU 0  0.000  0.000  0.000  0.000  0.000  0.000  0.000  0.000               6379753               3535206           0           0       0.000       0.000      43.268      307258128119   1230
     GPU 0  0.000  0.000  0.000  0.000  0.000  0.000  0.000  0.000               2711923               1415062           0           0       0.000       0.000      43.268      307258130419   1230
     GPU 0  0.000  0.000  0.000  0.000  0.000  0.000  0.000  0.000               2648674               1308676           0           0       0.000       0.000      43.171      307258132685   1230
     GPU 0  0.000  0.000  0.000  0.000  0.000  0.000  0.000  0.000                719969                199851           0           0       0.000       0.000      43.171      307258134988   1230

# Entity  GRACT  SMACT  SMOCC  TENSO  DRAMA  FP64A  FP32A  FP16A                 PCITX                 PCIRX       GPUTL       MCUTL       MUSAM       GUSAM       POWER             TOTEC  SACLK
      Id                                                                                                                                                               W                mJ       
     GPU 0  0.000  0.000  0.000  0.000  0.000  0.000  0.000  0.000               7620309               4212537           0           0       0.000       0.000      43.268      307258137342   1230
     GPU 0  0.000  0.000  0.000  0.000  0.000  0.000  0.000  0.000               5346089               3182075           0           0       0.000       0.000      43.268      307258139605   1230
     GPU 0  0.000  0.000  0.000  0.000  0.000  0.000  0.000  0.000                821170                334093           0           0       0.000       0.000      43.276      307258141867   1230
     GPU 0  0.000  0.000  0.000  0.000  0.000  0.000  0.000  0.000               2471862               1290720           0           0       0.000       0.000      43.268      307258144132   1230
     GPU 0  0.000  0.000  0.000  0.000  0.000  0.000  0.000  0.000               2312288               1260067           0           0       0.000       0.000      43.268      307258146398   1230
     GPU 0  0.000  0.000  0.000  0.000  0.000  0.000  0.000  0.000               1990129               1013213           0           0       0.000       0.000      43.268      307258148663   1230
     GPU 0  0.000  0.000  0.000  0.000  0.000  0.000  0.000  0.000               1661683                860032           0           0       0.000       0.000      43.268      307258150926   1230
     GPU 0  0.000  0.000  0.000  0.000  0.000  0.000  0.000  0.000               2416004               1314381           0           0       0.000       0.000      43.268      307258150926   1230
     GPU 0  0.000  0.000  0.000  0.000  0.000  0.000  0.000  0.000               1025553                470687           0           0       0.000       0.000      43.268      307258153189   1230
     GPU 0  0.000  0.000  0.000  0.000  0.000  0.000  0.000  0.000               2312705               1290402           0           0       0.000       0.000      43.268      307258155523   1230
     GPU 0  0.000  0.000  0.000  0.000  0.000  0.000  0.000  0.000                890883                226237           0           0       0.000       0.000      43.171      307258157802   1230
     GPU 0  0.000  0.000  0.000  0.000  0.000  0.000  0.000  0.000               1202081                518074           0           0       0.000       0.000      43.268      307258160070   1230
     GPU 0  0.000  0.000  0.000  0.000  0.000  0.000  0.000  0.000               2436737               1195187           0           0       0.000       0.000      43.268      307258162451   1230
     GPU 0  0.000  0.000  0.000  0.000  0.000  0.000  0.000  0.000               1585017                771308           0           0       0.000       0.000      43.268      307258164716   1230

# Entity  GRACT  SMACT  SMOCC  TENSO  DRAMA  FP64A  FP32A  FP16A                 PCITX                 PCIRX       GPUTL       MCUTL       MUSAM       GUSAM       POWER             TOTEC  SACLK
      Id                                                                                                                                                               W                mJ       
     GPU 0  0.000  0.000  0.000  0.000  0.000  0.000  0.000  0.000               1720624                769155           0           0       0.000       0.000      43.268      307258166983   1230
     GPU 0  0.000  0.000  0.000  0.000  0.000  0.000  0.000  0.000               1221997                679320           0           0       0.000       0.000      43.268      307258169401   1230
     GPU 0  0.000  0.000  0.000  0.000  0.000  0.000  0.000  0.000                800877                146161           0           0       0.000       0.000      43.171      307258171664   1230
     GPU 0  0.000  0.000  0.000  0.000  0.000  0.000  0.000  0.000               2427649               1222021           0           0       0.000       0.000      43.276      307258173929   1230
     GPU 0  0.000  0.000  0.000  0.000  0.000  0.000  0.000  0.000               3529644               1730734           0           0       0.000       0.000      43.268      307258176300   1230
     GPU 0  0.000  0.000  0.000  0.000  0.000  0.000  0.000  0.000               2811370               1377709           0           0       0.000       0.000      43.268      307258178566   1230
     GPU 0  0.000  0.000  0.000  0.000  0.000  0.000  0.000  0.000               2396920               1160520           0           0       0.000       0.000      43.268      307258180828   1230
     GPU 0  0.000  0.000  0.000  0.000  0.000  0.000  0.000  0.000              10765747               5634315           0           0       0.000       0.000      43.276      307258183096   1230
     GPU 0  0.000  0.000  0.000  0.000  0.000  0.000  0.000  0.000               5496984               3523105           0           0       0.000       0.000      43.268      307258185361   1230
     GPU 0  0.000  0.000  0.000  0.000  0.000  0.000  0.000  0.000               5703091               3559911           0           0       0.000       0.000      43.268      307258187627   1230
     GPU 0  0.000  0.000  0.000  0.000  0.000  0.000  0.000  0.000               4559618               2614455           0           0       0.000       0.000      43.276      307258189892   1230
     GPU 0  0.000  0.000  0.000  0.000  0.000  0.000  0.000  0.000               5284229               3355622           0           0       0.000       0.000      43.268      307258192157   1230
     GPU 0  0.000  0.000  0.000  0.000  0.000  0.000  0.000  0.000               5885336               3226259           0           0       0.000       0.000      43.268      307258194490   1230
     GPU 0  0.000  0.000  0.000  0.000  0.000  0.000  0.000  0.000               5148659               3091350           0           0       0.000       0.000      43.171      307258196632   1230

# Entity  GRACT  SMACT  SMOCC  TENSO  DRAMA  FP64A  FP32A  FP16A                 PCITX                 PCIRX       GPUTL       MCUTL       MUSAM       GUSAM       POWER             TOTEC  SACLK
      Id                                                                                                                                                               W                mJ       
     GPU 0  0.000  0.000  0.000  0.000  0.000  0.000  0.000  0.000               6884757               4306267           0           0       0.000       0.000      43.276      307258198828   1230
     GPU 0  0.000  0.000  0.000  0.000  0.000  0.000  0.000  0.000               5558582               3701177           0           0       0.000       0.000      43.268      307258200974   1230
     GPU 0  0.000  0.000  0.000  0.000  0.000  0.000  0.000  0.000               6494652               3717200           0           0       0.000       0.000      43.268      307258203157   1230
     GPU 0  0.000  0.000  0.000  0.000  0.000  0.000  0.000  0.000               5064793               3077171           0           0       0.000       0.000      43.268      307258205303   1230
     GPU 0  0.000  0.000  0.000  0.000  0.000  0.000  0.000  0.000               7413129               4204313           0           0       0.000       0.000      43.268      307258207489   1230
     GPU 0  0.000  0.000  0.000  0.000  0.000  0.000  0.000  0.000               5061524               3073287           0           0       0.000       0.000      43.268      307258209625   1230
     GPU 0  0.000  0.000  0.000  0.000  0.000  0.000  0.000  0.000               7778362               4359275           0           0       0.000       0.000      43.268      307258211818   1230
     GPU 0  0.000  0.000  0.000  0.000  0.000  0.000  0.000  0.000               5004975               3024522           0           0       0.000       0.000      43.268      307258213947   1230
     GPU 0  0.000  0.000  0.000  0.000  0.000  0.000  0.000  0.000               7933455               4417544           0           0       0.000       0.000      43.268      307258216152   1230
     GPU 0  0.000  0.000  0.000  0.000  0.000  0.000  0.000  0.000               5964094               3876229           0           0       0.000       0.000      43.171      307258218269   1230
     GPU 0  0.000  0.000  0.000  0.000  0.000  0.000  0.000  0.000              11781257               6739501           0           0       0.000       0.000      43.268      307258220514   1230
     GPU 0  0.000  0.000  0.000  0.000  0.000  0.000  0.000  0.000               2049359               1667860           0           0       0.000       0.000      43.268      307258222591   1230
     GPU 0  0.000  0.000  0.000  0.000  0.000  0.000  0.000  0.000               2362464               1807261           0           0       0.000       0.000      43.268      307258224822   1230
     GPU 0  0.000  0.000  0.000  0.000  0.000  0.000  0.000  0.000               1832678               1473898           0           0       0.000       0.000      43.171      307258226933   1230

# Entity  GRACT  SMACT  SMOCC  TENSO  DRAMA  FP64A  FP32A  FP16A                 PCITX                 PCIRX       GPUTL       MCUTL       MUSAM       GUSAM       POWER             TOTEC  SACLK
      Id                                                                                                                                                               W                mJ       
     GPU 0  0.000  0.000  0.000  0.000  0.000  0.000  0.000  0.000               5413093               3315163           0           0       0.000       0.000      43.268      307258229187   1230
     GPU 0  0.000  0.000  0.000  0.000  0.000  0.000  0.000  0.000               3345193               2339651           0           0       0.000       0.000      43.268      307258231230   1230
     GPU 0  0.000  0.000  0.000  0.000  0.000  0.000  0.000  0.000               5707036               3412546           0           0       0.000       0.000      43.268      307258233513   1230
     GPU 0  0.000  0.000  0.000  0.000  0.000  0.000  0.000  0.000              10734032               5836758           0           0       0.000       0.000      43.268      307258236115   1230
     GPU 0  0.000  0.000  0.000  0.000  0.000  0.000  0.000  0.000               6260314               3186482           0           0       0.000       0.000      43.276      307258237868   1230
     GPU 0  0.000  0.000  0.000  0.000  0.000  0.000  0.000  0.000               2889219               1420262           0           0       0.000       0.000      43.276      307258240563   1230
     GPU 0  0.000  0.000  0.000  0.000  0.000  0.000  0.000  0.000               1015937                445350           0           0       0.000       0.000      43.179      307258242823   1230
     GPU 0  0.000  0.000  0.000  0.000  0.000  0.000  0.000  0.000               3288742               1896134           0           0       0.000       0.000      43.268      307258242823   1230
     GPU 0  0.000  0.000  0.000  0.000  0.000  0.000  0.000  0.000               3382817               1940043           0           0       0.000       0.000      43.268      307258245092   1230
     GPU 0  0.000  0.000  0.000  0.000  0.000  0.000  0.000  0.000               2982784               1674943           0           0       0.000       0.000      43.268      307258247382   1230
     GPU 0  0.000  0.000  0.000  0.000  0.000  0.000  0.000  0.000               3347767               1974225           0           0       0.000       0.000      43.276      307258249645   1230
     GPU 0  0.000  0.000  0.000  0.000  0.000  0.000  0.000  0.000               3525346               1978154           0           0       0.000       0.000      43.268      307258251909   1230
     GPU 0  0.000  0.000  0.000  0.000  0.000  0.000  0.000  0.000               1940734               1075145           0           0       0.000       0.000      43.268      307258254298   1230
     GPU 0  0.000  0.000  0.000  0.000  0.000  0.000  0.000  0.000               4062269               2290593           0           0       0.000       0.000      43.268      307258256559   1230

# Entity  GRACT  SMACT  SMOCC  TENSO  DRAMA  FP64A  FP32A  FP16A                 PCITX                 PCIRX       GPUTL       MCUTL       MUSAM       GUSAM       POWER             TOTEC  SACLK
      Id                                                                                                                                                               W                mJ       
     GPU 0  0.000  0.000  0.000  0.000  0.000  0.000  0.000  0.000               2265705               1444977           0           0       0.000       0.000      43.268      307258258825   1230
     GPU 0  0.000  0.000  0.000  0.000  0.000  0.000  0.000  0.000               4112158               2297537           0           0       0.000       0.000      43.268      307258261089   1230
     GPU 0  0.000  0.000  0.000  0.000  0.000  0.000  0.000  0.000               1891637               1138928           0           0       0.000       0.000      43.268      307258263355   1230
     GPU 0  0.000  0.000  0.000  0.000  0.000  0.000  0.000  0.000               1198589                588676           0           0       0.000       0.000      43.268      307258265624   1230
     GPU 0  0.000  0.000  0.000  0.000  0.000  0.000  0.000  0.000                595195                 96314           0           0       0.000       0.000      43.268      307258267903   1230
     GPU 0  0.000  0.000  0.000  0.000  0.000  0.000  0.000  0.000               3224390               1845924           0           0       0.000       0.000      43.268      307258270232   1230
     GPU 0  0.000  0.000  0.000  0.000  0.000  0.000  0.000  0.000               6340218               3205938           0           0       0.000       0.000      43.268      307258272525   1230
     GPU 0  0.000  0.000  0.000  0.000  0.000  0.000  0.000  0.000               2866180               1431168           0           0       0.000       0.000      43.268      307258274554   1230
     GPU 0  0.000  0.000  0.000  0.000  0.000  0.000  0.000  0.000               6739746               3796995           0           0       0.000       0.000      43.268      307258276845   1230
     GPU 0  0.000  0.000  0.000  0.000  0.000  0.000  0.000  0.000               2054209               1130512           0           0       0.000       0.000      43.268      307258278885   1230
     GPU 0  0.000  0.000  0.000  0.000  0.000  0.000  0.000  0.000               2054209               1130512           0           0       0.000       0.000      43.268      307258281204   1230
     GPU 0  0.000  0.000  0.000  0.000  0.000  0.000  0.000  0.000               5838157               3438098           0           0       0.000       0.000      43.268      307258283222   1230
     GPU 0  0.010  0.000  0.000  0.000  0.000  0.000  0.000  0.000              39720562             344098245           0           0       0.000       0.000      43.559      307258285736   1230
     GPU 0  0.005  0.000  0.000  0.000  0.000  0.000  0.000  0.000              59935164             478864212           0           0       0.000       0.000      43.268      307258287540   1230

# Entity  GRACT  SMACT  SMOCC  TENSO  DRAMA  FP64A  FP32A  FP16A                 PCITX                 PCIRX       GPUTL       MCUTL       MUSAM       GUSAM       POWER             TOTEC  SACLK
      Id                                                                                                                                                               W                mJ       
     GPU 0  0.011  0.000  0.000  0.000  0.001  0.000  0.000  0.000              83134677             699000977           0           0       0.000       0.000      43.268      307258290184   1230
     GPU 0  0.006  0.000  0.000  0.000  0.000  0.000  0.000  0.000              47777123             376368015           5           0       0.000       4.000      43.276      307258292472   1230
     GPU 0  0.007  0.000  0.000  0.000  0.000  0.000  0.000  0.000              45632746             360736727           5           0       0.000       4.000      43.268      307258294741   1230
     GPU 0  0.008  0.000  0.000  0.000  0.001  0.000  0.000  0.000              69067687             573444371           5           0       0.000       4.000      43.268      307258297005   1230
     GPU 0  0.031  0.000  0.000  0.000  0.000  0.000  0.000  0.000              10331195              32124636           3           0       0.000       3.000      43.268      307258299277   1230
     GPU 0  0.012  0.000  0.000  0.000  0.001  0.000  0.000  0.000              74419720             621252943           3           0       0.000       3.000      43.268      307258301544   1230
     GPU 0  0.001  0.000  0.000  0.000  0.000  0.000  0.000  0.000               7119908              19965066           3           0       0.000       3.000      43.365      307258303812   1230
     GPU 0  0.000  0.000  0.000  0.000  0.000  0.000  0.000  0.000               1097259                531783           3           0       0.000       3.000      43.268      307258306087   1230
     GPU 0  0.000  0.000  0.000  0.000  0.000  0.000  0.000  0.000               4385127               2450752           3           0       0.000       3.000      43.268      307258308349   1230
     GPU 0  0.002  0.008  0.004  0.000  0.003  0.000  0.000  0.000             221588472            1962175231           3           0       0.000       3.000      43.948      307258308349   1230
     GPU 0  0.000  0.000  0.000  0.000  0.000  0.000  0.000  0.000             163443926              62016293           3           0       0.000       3.000      43.657      307258310685   1230
     GPU 0  0.000  0.000  0.000  0.000  0.000  0.000  0.000  0.000               3650128               2136587           4           0       0.000       4.000      43.365      307258312957   1230
     GPU 0  0.000  0.000  0.000  0.000  0.000  0.000  0.000  0.000               2306482               1376796           4           0       0.000       4.000      43.365      307258315220   1230
     GPU 0  0.000  0.000  0.000  0.000  0.000  0.000  0.000  0.000               3685641               2179311           4           0       0.000       4.000      43.268      307258317490   1230

# Entity  GRACT  SMACT  SMOCC  TENSO  DRAMA  FP64A  FP32A  FP16A                 PCITX                 PCIRX       GPUTL       MCUTL       MUSAM       GUSAM       POWER             TOTEC  SACLK
      Id                                                                                                                                                               W                mJ       
     GPU 0  0.000  0.000  0.000  0.000  0.000  0.000  0.000  0.000               1682211               1105258           0           0       0.000       0.000      43.365      307258319766   1230
     GPU 0  0.000  0.000  0.000  0.000  0.000  0.000  0.000  0.000               3275401               2071315           0           0       0.000       0.000      43.365      307258322038   1230
     GPU 0  0.000  0.000  0.000  0.000  0.000  0.000  0.000  0.000               6824112               3482096           0           0       0.000       0.000      43.365      307258324317   1230
     GPU 0  0.000  0.000  0.000  0.000  0.000  0.000  0.000  0.000               3432234               2133853           0           0       0.000       0.000      43.268      307258326582   1230
     GPU 0  0.001  0.000  0.000  0.000  0.000  0.000  0.000  0.000               9575353               2862342           0           0       0.000       0.000      43.268      307258328948   1230
     GPU 0  0.000  0.000  0.000  0.000  0.000  0.000  0.000  0.000              13144251               7339949           0           0       0.000       0.000      43.365      307258331241   1230
     GPU 0  0.000  0.000  0.000  0.000  0.000  0.000  0.000  0.000               6567400               4325217           0           0       0.000       0.000      43.365      307258333510   1230
     GPU 0  0.000  0.000  0.000  0.000  0.000  0.000  0.000  0.000               6238410               3574501           0           0       0.000       0.000      43.268      307258335864   1230
     GPU 0  0.000  0.000  0.000  0.000  0.000  0.000  0.000  0.000               5153098               3075980           0           0       0.000       0.000      43.373      307258338013   1230
     GPU 0  0.000  0.000  0.000  0.000  0.000  0.000  0.000  0.000               6735209               3879018           0           0       0.000       0.000      43.365      307258340206   1230
     GPU 0  0.000  0.000  0.000  0.000  0.000  0.000  0.000  0.000               5251511               3135724           0           0       0.000       0.000      43.276      307258342348   1230
     GPU 0  0.000  0.000  0.000  0.000  0.000  0.000  0.000  0.000               5987755               3446066           0           0       0.000       0.000      43.373      307258344533   1230
     GPU 0  0.000  0.000  0.000  0.000  0.000  0.000  0.000  0.000               4583379               2767773           0           0       0.000       0.000      43.373      307258346671   1230
     GPU 0  0.000  0.000  0.000  0.000  0.000  0.000  0.000  0.000               6296644               3573206           0           0       0.000       0.000      43.373      307258348879   1230

# Entity  GRACT  SMACT  SMOCC  TENSO  DRAMA  FP64A  FP32A  FP16A                 PCITX                 PCIRX       GPUTL       MCUTL       MUSAM       GUSAM       POWER             TOTEC  SACLK
      Id                                                                                                                                                               W                mJ       
     GPU 0  0.000  0.000  0.000  0.000  0.000  0.000  0.000  0.000               4751382               2892125           0           0       0.000       0.000      43.268      307258350997   1230
     GPU 0  0.000  0.000  0.000  0.000  0.000  0.000  0.000  0.000               4134368               2696663           0           0       0.000       0.000      43.373      307258353203   1230
     GPU 0  0.000  0.000  0.000  0.000  0.000  0.000  0.000  0.000               3308247               2291332           0           0       0.000       0.000      43.276      307258355327   1230
     GPU 0  0.000  0.000  0.000  0.000  0.000  0.000  0.000  0.000               4275331               2749204           0           0       0.000       0.000      43.276      307258357533   1230
     GPU 0  0.001  0.000  0.000  0.000  0.000  0.000  0.000  0.000               3608599               2988903           0           0       0.000       0.000      43.365      307258359652   1230
     GPU 0  0.013  0.000  0.000  0.000  0.000  0.000  0.000  0.000              51611583             421486311           0           0       0.000       0.000      43.365      307258361866   1230
     GPU 0  0.004  0.000  0.000  0.000  0.000  0.000  0.000  0.000              34825508             280888569           2           0       0.000       1.000      43.365      307258363976   1230
     GPU 0  0.003  0.000  0.000  0.000  0.000  0.000  0.000  0.000              39709833             317099328           2           0       0.000       1.000      43.365      307258366214   1230
     GPU 0  0.003  0.000  0.000  0.000  0.001  0.000  0.000  0.000             221405797            1282699316           2           0       0.000       1.000      43.365      307258368319   1230
     GPU 0  0.002  0.000  0.000  0.000  0.001  0.000  0.000  0.000              60461785             500638858           2           0       0.000       1.000      43.656      307258370546   1230
     GPU 0  0.001  0.000  0.000  0.000  0.000  0.000  0.000  0.000              28584777             224792591           4           0       0.000       3.000      43.461      307258372654   1230
     GPU 0  0.001  0.000  0.000  0.000  0.000  0.000  0.000  0.000              56137183             465034696           4           0       0.000       3.000      43.268      307258374882   1230
     GPU 0  0.008  0.000  0.000  0.000  0.000  0.000  0.000  0.000              59918084             441322148           4           0       0.000       3.000      43.365      307258377502   1230
     GPU 0  0.007  0.000  0.000  0.000  0.000  0.000  0.000  0.000              50599048             419837416           4           0       0.000       3.000      43.365      307258379222   1230

# Entity  GRACT  SMACT  SMOCC  TENSO  DRAMA  FP64A  FP32A  FP16A                 PCITX                 PCIRX       GPUTL       MCUTL       MUSAM       GUSAM       POWER             TOTEC  SACLK
      Id                                                                                                                                                               W                mJ       
     GPU 0  0.001  0.000  0.000  0.000  0.001  0.000  0.000  0.000              63410811             543978127           4           0       0.000       3.000      43.268      307258381959   1230
     GPU 0  0.013  0.000  0.000  0.000  0.005  0.000  0.000  0.000              83464120             703257688           4           0       0.000       3.000      43.559      307258383563   1230
     GPU 0  0.003  0.000  0.000  0.000  0.002  0.000  0.000  0.000              59807204             509136409           8           0       0.000       8.000      43.559      307258386433   1230
     GPU 0  0.001  0.000  0.000  0.000  0.001  0.000  0.000  0.000              61927600             513655154           8           0       0.000       8.000      43.365      307258388783   1230
     GPU 0  0.003  0.000  0.000  0.000  0.000  0.000  0.000  0.000              43064152             351378338           8           0       0.000       8.000      43.268      307258391050   1230
     GPU 0  0.003  0.000  0.000  0.000  0.000  0.000  0.000  0.000              60420539             495470935           8           0       0.000       8.000      43.365      307258393322   1230
     GPU 0  0.005  0.000  0.000  0.000  0.000  0.000  0.000  0.000              16004658             130491043           3           0       0.000       3.000      43.268      307258395589   1230
     GPU 0  0.002  0.000  0.000  0.000  0.001  0.000  0.000  0.000              70037095             583266983           3           0       0.000       3.000      43.374      307258397854   1230
     GPU 0  0.003  0.000  0.000  0.000  0.001  0.000  0.000  0.000              76803407             670281115           3           0       0.000       3.000      43.276      307258400126   1230
     GPU 0  0.004  0.000  0.000  0.000  0.000  0.000  0.000  0.000              32569274             263253379           4           0       0.000       3.000      43.276      307258402392   1230
     GPU 0  0.005  0.000  0.000  0.000  0.001  0.000  0.000  0.000              59167912             522725652           4           0       0.000       3.000      43.276      307258404669   1230
     GPU 0  0.000  0.000  0.000  0.000  0.001  0.000  0.000  0.000              91771662             799074389           4           0       0.000       3.000      43.268      307258404669   1230
     GPU 0  0.204  0.000  0.000  0.000  0.014  0.000  0.007  0.000             150272991            1189533789           5           0       0.000       5.000      46.088      307258407132   1230
     GPU 0  0.302  0.091  0.020  0.000  0.024  0.000  0.006  0.000            1224667042            1619261036           5           0       0.000       5.000      53.141      307258409691   1230

# Entity  GRACT  SMACT  SMOCC  TENSO  DRAMA  FP64A  FP32A  FP16A                 PCITX                 PCIRX       GPUTL       MCUTL       MUSAM       GUSAM       POWER             TOTEC  SACLK
      Id                                                                                                                                                               W                mJ       
     GPU 0  0.394  0.088  0.021  0.000  0.028  0.000  0.039  0.000             990278571            1667813832           5           0       0.000       5.000      51.385      307258412344   1230
     GPU 0  0.299  0.035  0.010  0.000  0.024  0.000  0.030  0.000            1056972444            1918876256          43           4       3.000      42.000      54.015      307258415259   1230
     GPU 0  0.289  0.029  0.009  0.000  0.024  0.000  0.026  0.000            1122212400            1968080286          43           4       3.000      42.000      53.531      307258418013   1230
     GPU 0  0.273  0.027  0.009  0.000  0.023  0.000  0.025  0.000            1105512962            1858650167          43           4       3.000      42.000      53.335      307258420706   1230
     GPU 0  0.405  0.000  0.000  0.000  0.026  0.000  0.023  0.000            1643940417            1416276897          43           4       3.000      42.000      53.441      307258423651   1230
     GPU 0  0.425  0.067  0.014  0.000  0.034  0.000  0.026  0.000            1579261009            1781714438          54           5       4.000      54.000      52.648      307258426334   1230
     GPU 0  0.362  0.044  0.011  0.000  0.024  0.000  0.029  0.000            1610306583            1406837825          54           5       4.000      54.000      53.708      307258429046   1230
     GPU 0  0.376  0.078  0.016  0.000  0.029  0.000  0.025  0.000            2576746085            1701651695          54           5       4.000      54.000      53.150      307258431976   1230
     GPU 0  0.435  0.024  0.008  0.000  0.020  0.000  0.011  0.000            1145967081            1626534361          51           5       4.000      50.000      50.827      307258434604   1230
     GPU 0  0.000  0.000  0.000  0.000  0.000  0.000  0.000  0.000              51795306               3794426          51           5       4.000      50.000      43.559      307258436954   1230
     GPU 0  0.000  0.000  0.000  0.000  0.000  0.000  0.000  0.000               7589430               3915152          51           5       4.000      50.000      43.268      307258439356   1230
     GPU 0  0.000  0.000  0.000  0.000  0.000  0.000  0.000  0.000               4141312               2342957          15           1       1.000      14.000      43.365      307258441629   1230
     GPU 0  0.000  0.000  0.000  0.000  0.000  0.000  0.000  0.000               4640100               2564307          15           1       1.000      14.000      43.365      307258443898   1230
     GPU 0  0.000  0.000  0.000  0.000  0.000  0.000  0.000  0.000               4483736               2595600          15           1       1.000      14.000      43.365      307258446170   1230

# Entity  GRACT  SMACT  SMOCC  TENSO  DRAMA  FP64A  FP32A  FP16A                 PCITX                 PCIRX       GPUTL       MCUTL       MUSAM       GUSAM       POWER             TOTEC  SACLK
      Id                                                                                                                                                               W                mJ       
     GPU 0  0.282  0.000  0.000  0.000  0.023  0.000  0.016  0.000             420993575            2773231102           1           0       0.000       1.000      48.981      307258448573   1230
     GPU 0  0.096  0.097  0.018  0.000  0.008  0.000  0.000  0.000             177598812            1146848969           1           0       0.000       1.000      45.310      307258451117   1230
     GPU 0  0.000  0.000  0.000  0.000  0.000  0.000  0.000  0.000               5055012               3029556           1           0       0.000       1.000      43.373      307258453167   1230
     GPU 0  0.526  0.000  0.000  0.000  0.001  0.000  0.002  0.000             198100271            1344544006          22           1       1.000      22.000      44.337      307258455502   1230
     GPU 0  0.644  0.010  0.001  0.000  0.001  0.000  0.002  0.000             201209973            1369365220          22           1       1.000      22.000      44.629      307258457592   1230
     GPU 0  0.615  0.011  0.002  0.000  0.001  0.000  0.002  0.000             236460880            1615754272          22           1       1.000      22.000      44.532      307258459988   1230
     GPU 0  0.607  0.010  0.002  0.000  0.001  0.000  0.002  0.000             217706385            1507711847          22           1       1.000      22.000      44.532      307258462044   1230
     GPU 0  0.637  0.011  0.002  0.000  0.001  0.000  0.002  0.000             195386454            1271199975          62           1       0.000      62.000      44.629      307258464449   1230
     GPU 0  0.597  0.011  0.002  0.000  0.001  0.000  0.002  0.000             200372933            1387324067          62           1       0.000      62.000      44.531      307258466496   1230
     GPU 0  0.650  0.011  0.002  0.000  0.001  0.000  0.002  0.000             208251243            1404904900          62           1       0.000      62.000      44.629      307258469071   1230
     GPU 0  0.591  0.010  0.001  0.000  0.001  0.000  0.002  0.000             186984436            1264771243          63           1       0.000      62.000      44.629      307258470948   1230
     GPU 0  0.602  0.011  0.002  0.000  0.001  0.000  0.002  0.000             166199208            1078737266          63           1       0.000      62.000      44.532      307258473645   1230
     GPU 0  0.601  0.011  0.002  0.000  0.001  0.000  0.002  0.000             182350267            1246486782          63           1       0.000      62.000      44.532      307258476065   1230
     GPU 0  0.595  0.010  0.002  0.000  0.001  0.000  0.002  0.000             192544878            1305841376          63           1       0.000      62.000      44.532      307258476065   1230

# Entity  GRACT  SMACT  SMOCC  TENSO  DRAMA  FP64A  FP32A  FP16A                 PCITX                 PCIRX       GPUTL       MCUTL       MUSAM       GUSAM       POWER             TOTEC  SACLK
      Id                                                                                                                                                               W                mJ       
     GPU 0  0.618  0.011  0.002  0.000  0.001  0.000  0.002  0.000             185511732            1261482978          62           0       0.000      61.000      44.435      307258478411   1230
     GPU 0  0.551  0.010  0.001  0.000  0.001  0.000  0.002  0.000             172394317            1171288680          62           0       0.000      61.000      44.435      307258480744   1230
     GPU 0  0.577  0.010  0.001  0.000  0.001  0.000  0.002  0.000             186932845            1283961217          62           0       0.000      61.000      44.532      307258483209   1230
     GPU 0  0.577  0.010  0.001  0.000  0.001  0.000  0.002  0.000             186932845            1283961217          61           0       0.000      60.000      44.532      307258485540   1230
     GPU 0  0.579  0.010  0.001  0.000  0.001  0.000  0.002  0.000             175378886            1185348508          61           0       0.000      60.000      44.531      307258487869   1230
     GPU 0  0.621  0.011  0.002  0.000  0.001  0.000  0.002  0.000             188696623            1279526706          61           0       0.000      60.000      44.629      307258490199   1230
     GPU 0  0.626  0.011  0.002  0.000  0.001  0.000  0.002  0.000             167620601            1102436263          62           0       0.000      62.000      44.532      307258492538   1230
     GPU 0  0.620  0.011  0.002  0.000  0.001  0.000  0.002  0.000             170080045            1151532854          62           0       0.000      62.000      44.532      307258494872   1230
     GPU 0  0.583  0.010  0.001  0.000  0.001  0.000  0.002  0.000             181810161            1256641037          62           0       0.000      62.000      44.532      307258497204   1230
     GPU 0  0.612  0.012  0.002  0.000  0.001  0.000  0.002  0.000             205474718            1434003240          62           0       0.000      62.000      44.629      307258499538   1230
     GPU 0  0.617  0.010  0.001  0.000  0.001  0.000  0.002  0.000             172892395            1168498193          62           0       0.000      62.000      44.629      307258501947   1230
     GPU 0  0.620  0.012  0.002  0.000  0.001  0.000  0.002  0.000             188194714            1287566030          62           0       0.000      62.000      44.726      307258504280   1230
     GPU 0  0.599  0.011  0.002  0.000  0.001  0.000  0.002  0.000             192559643            1335831622          62           0       0.000      62.000      44.629      307258506685   1230
     GPU 0  0.633  0.012  0.002  0.000  0.001  0.000  0.002  0.000             201694279            1393621687          65           1       0.000      64.000      44.629      307258509264   1230

# Entity  GRACT  SMACT  SMOCC  TENSO  DRAMA  FP64A  FP32A  FP16A                 PCITX                 PCIRX       GPUTL       MCUTL       MUSAM       GUSAM       POWER             TOTEC  SACLK
      Id                                                                                                                                                               W                mJ       
     GPU 0  0.655  0.012  0.002  0.000  0.001  0.000  0.002  0.000             184066270            1236177763          65           1       0.000      64.000      44.629      307258511142   1230
     GPU 0  0.663  0.012  0.002  0.000  0.001  0.000  0.002  0.000             196685174            1355946059          65           1       0.000      64.000      44.532      307258513842   1230
     GPU 0  0.645  0.012  0.002  0.000  0.001  0.000  0.002  0.000             194494495            1321705460          66           1       0.000      65.000      44.532      307258516274   1230
     GPU 0  0.671  0.012  0.002  0.000  0.001  0.000  0.002  0.000             195607380            1352096457          66           1       0.000      65.000      44.434      307258518602   1230
     GPU 0  0.581  0.011  0.002  0.000  0.001  0.000  0.002  0.000             191764985            1303595730          66           1       0.000      65.000      44.629      307258520934   1230
     GPU 0  0.613  0.010  0.001  0.000  0.001  0.000  0.002  0.000             173760878            1140860329          66           1       0.000      65.000      44.531      307258520934   1230
     GPU 0  0.626  0.011  0.002  0.000  0.001  0.000  0.002  0.000             192583441            1292271080          63           1       0.000      62.000      44.532      307258523270   1230
     GPU 0  0.587  0.009  0.002  0.000  0.001  0.000  0.002  0.000             189883200            1280126740          63           1       0.000      62.000      44.532      307258525604   1230
     GPU 0  0.628  0.011  0.002  0.000  0.001  0.000  0.002  0.000             188532043            1305071265          63           1       0.000      62.000      44.629      307258527934   1230
     GPU 0  0.627  0.000  0.000  0.000  0.001  0.000  0.002  0.000             186612599            1286530526          64           1       0.000      63.000      44.629      307258530271   1230
     GPU 0  0.649  0.011  0.001  0.000  0.001  0.000  0.002  0.000             203789928            1407704673          64           1       0.000      63.000      44.726      307258532603   1230
     GPU 0  0.651  0.011  0.002  0.000  0.001  0.000  0.002  0.000             201777500            1398389083          64           1       0.000      63.000      44.531      307258535015   1230
     GPU 0  0.659  0.009  0.001  0.000  0.001  0.000  0.002  0.000             215893346            1513115156          65           1       0.000      64.000      44.629      307258537354   1230
     GPU 0  0.658  0.011  0.002  0.000  0.001  0.000  0.002  0.000             198640440            1367108838          65           1       0.000      64.000      44.629      307258539687   1230

# Entity  GRACT  SMACT  SMOCC  TENSO  DRAMA  FP64A  FP32A  FP16A                 PCITX                 PCIRX       GPUTL       MCUTL       MUSAM       GUSAM       POWER             TOTEC  SACLK
      Id                                                                                                                                                               W                mJ       
     GPU 0  0.617  0.010  0.002  0.000  0.001  0.000  0.002  0.000             195766362            1362244100          65           1       0.000      64.000      44.629      307258542022   1230
     GPU 0  0.644  0.012  0.002  0.000  0.001  0.000  0.002  0.000             181790662            1229951375          65           1       0.000      64.000      44.726      307258544358   1230
     GPU 0  0.634  0.011  0.002  0.000  0.001  0.000  0.002  0.000             203992374            1399657446          67           1       0.000      66.000      44.727      307258546697   1230
     GPU 0  0.656  0.012  0.002  0.000  0.001  0.000  0.003  0.000             197776758            1356464099          67           1       0.000      66.000      44.629      307258549050   1230
     GPU 0  0.659  0.000  0.000  0.000  0.001  0.000  0.002  0.000             211935104            1459413692          67           1       0.000      66.000      44.629      307258551391   1230
     GPU 0  0.640  0.010  0.001  0.000  0.001  0.000  0.003  0.000             199436713            1363293566          66           1       0.000      66.000      44.532      307258553934   1230
     GPU 0  0.641  0.011  0.002  0.000  0.001  0.000  0.002  0.000             195213428            1324177228          66           1       0.000      66.000      44.629      307258556016   1230
     GPU 0  0.640  0.011  0.002  0.000  0.001  0.000  0.002  0.000             212679479            1485926344          66           1       0.000      66.000      44.726      307258558409   1230
     GPU 0  0.622  0.011  0.002  0.000  0.001  0.000  0.002  0.000             205527892            1415948530          66           1       0.000      65.000      44.532      307258560476   1230
     GPU 0  0.625  0.011  0.002  0.000  0.001  0.000  0.002  0.000             203432158            1396154401          66           1       0.000      65.000      44.629      307258562943   1230
     GPU 0  0.631  0.011  0.002  0.000  0.001  0.000  0.002  0.000             210075523            1440431139          66           1       0.000      65.000      44.629      307258564934   1230
     GPU 0  0.665  0.011  0.002  0.000  0.001  0.000  0.002  0.000             186804901            1269494347          66           1       0.000      65.000      44.531      307258567587   1230
     GPU 0  0.660  0.012  0.002  0.000  0.001  0.000  0.002  0.000             200178761            1353209788          67           1       0.000      66.000      44.532      307258569391   1230
     GPU 0  0.610  0.012  0.002  0.000  0.001  0.000  0.002  0.000             199629485            1372843036          67           1       0.000      66.000      44.727      307258572169   1230

# Entity  GRACT  SMACT  SMOCC  TENSO  DRAMA  FP64A  FP32A  FP16A                 PCITX                 PCIRX       GPUTL       MCUTL       MUSAM       GUSAM       POWER             TOTEC  SACLK
      Id                                                                                                                                                               W                mJ       
     GPU 0  0.606  0.011  0.002  0.000  0.001  0.000  0.002  0.000             199569418            1358061203          67           1       0.000      66.000      44.629      307258574558   1230
     GPU 0  0.551  0.010  0.002  0.000  0.001  0.000  0.002  0.000             167165034            1124672416          64           1       0.000      63.000      44.531      307258576892   1230
     GPU 0  0.637  0.010  0.002  0.000  0.001  0.000  0.002  0.000             211126157            1462221950          64           1       0.000      63.000      44.435      307258579230   1230
     GPU 0  0.590  0.010  0.001  0.000  0.001  0.000  0.002  0.000             172230524            1160893994          64           1       0.000      63.000      44.629      307258579230   1230
     GPU 0  0.505  0.008  0.001  0.000  0.001  0.000  0.002  0.000             160981186            1090251561          60           0       0.000      59.000      44.531      307258581562   1230
     GPU 0  0.613  0.011  0.001  0.000  0.001  0.000  0.002  0.000             204423096            1415147022          60           0       0.000      59.000      44.435      307258583894   1230
     GPU 0  0.587  0.010  0.002  0.000  0.001  0.000  0.002  0.000             172850543            1171020595          60           0       0.000      59.000      44.629      307258586228   1230
     GPU 0  0.606  0.000  0.000  0.000  0.001  0.000  0.002  0.000             174836972            1170097993          60           0       0.000      59.000      44.532      307258588562   1230
     GPU 0  0.572  0.010  0.002  0.000  0.001  0.000  0.002  0.000             190885726            1335238219          61           0       0.000      61.000      44.532      307258590906   1230
     GPU 0  0.640  0.010  0.001  0.000  0.001  0.000  0.002  0.000             204203678            1425541060          61           0       0.000      61.000      44.532      307258593311   1230
     GPU 0  0.593  0.010  0.002  0.000  0.001  0.000  0.002  0.000             200710163            1383414056          61           0       0.000      61.000      44.629      307258595648   1230
     GPU 0  0.597  0.012  0.002  0.000  0.001  0.000  0.002  0.000             216071739            1535153223          61           0       0.000      60.000      44.532      307258597980   1230
     GPU 0  0.617  0.010  0.002  0.000  0.001  0.000  0.002  0.000             203252230            1430685289          61           0       0.000      60.000      44.629      307258600320   1230
     GPU 0  0.650  0.012  0.002  0.000  0.001  0.000  0.002  0.000             205724860            1431206564          61           0       0.000      60.000      44.532      307258602654   1230

# Entity  GRACT  SMACT  SMOCC  TENSO  DRAMA  FP64A  FP32A  FP16A                 PCITX                 PCIRX       GPUTL       MCUTL       MUSAM       GUSAM       POWER             TOTEC  SACLK
      Id                                                                                                                                                               W                mJ       
     GPU 0  0.004  0.000  0.000  0.000  0.000  0.000  0.000  0.000               1235734               1698238          48           0       0.000      47.000      43.471      307258604939   1230
     GPU 0  0.000  0.000  0.000  0.000  0.000  0.000  0.000  0.000               4319626               2406724          48           0       0.000      47.000      43.462      307258607208   1230
     GPU 0  0.000  0.000  0.000  0.000  0.000  0.000  0.000  0.000               5169553               3492684          48           0       0.000      47.000      43.373      307258609481   1230
     GPU 0  0.000  0.000  0.000  0.000  0.000  0.000  0.000  0.000              12636176               6493794           0           0       0.000       0.000      43.276      307258611940   1230
     GPU 0  0.000  0.000  0.000  0.000  0.000  0.000  0.000  0.000               4347969               2450857           0           0       0.000       0.000      43.365      307258614207   1230
     GPU 0  0.000  0.000  0.000  0.000  0.000  0.000  0.000  0.000               5842161               3836798           0           0       0.000       0.000      43.268      307258616474   1230
     GPU 0  0.000  0.000  0.000  0.000  0.000  0.000  0.000  0.000               7783042               4122016           0           0       0.000       0.000      43.268      307258618806   1230
     GPU 0  0.000  0.000  0.000  0.000  0.000  0.000  0.000  0.000               4270899               2405135           0           0       0.000       0.000      43.276      307258621076   1230
     GPU 0  0.000  0.000  0.000  0.000  0.000  0.000  0.000  0.000               4478992               2444675           0           0       0.000       0.000      43.268      307258623344   1230
     GPU 0  0.000  0.000  0.000  0.000  0.000  0.000  0.000  0.000               4478992               2444675           0           0       0.000       0.000      43.268      307258625610   1230
     GPU 0  0.000  0.000  0.000  0.000  0.000  0.000  0.000  0.000               4401801               2435082           0           0       0.000       0.000      43.373      307258627879   1230
     GPU 0  0.000  0.000  0.000  0.000  0.001  0.000  0.000  0.000               6065535               4402186           0           0       0.000       0.000      43.373      307258627879   1230
     GPU 0  0.000  0.000  0.000  0.000  0.001  0.000  0.000  0.000               5749303               4085699           0           0       0.000       0.000      43.470      307258630228   1230
     GPU 0  0.000  0.000  0.000  0.000  0.003  0.000  0.000  0.000               7324695               7049447           5           0       0.000       0.000      43.470      307258632399   1230

# Entity  GRACT  SMACT  SMOCC  TENSO  DRAMA  FP64A  FP32A  FP16A                 PCITX                 PCIRX       GPUTL       MCUTL       MUSAM       GUSAM       POWER             TOTEC  SACLK
      Id                                                                                                                                                               W                mJ       
     GPU 0  0.000  0.000  0.000  0.000  0.002  0.000  0.000  0.000               7576851               6431273           5           0       0.000       0.000      43.559      307258634574   1230
     GPU 0  0.000  0.000  0.000  0.000  0.001  0.000  0.000  0.000               6127847               4711305           5           0       0.000       0.000      43.365      307258636741   1230
     GPU 0  0.000  0.000  0.000  0.000  0.000  0.000  0.000  0.000               6510317               5424282           2           0       0.000       0.000      43.365      307258638905   1230
     GPU 0  0.000  0.000  0.000  0.000  0.000  0.000  0.000  0.000               9410651              12346132           2           0       0.000       0.000      43.948      307258641076   1230
